#CHS	
0.0	0.6238085131973189	0.6183799923991851	0.6296158262317384	0.6137136920033783	0.6264558768222208	0.6154894527493515	0.6237909452643468	0.5735607933713185	0.6350352373126856	0.61027899199474	0.6198962405196071	0.6288927840915467	0.6126282130854138	0.6309611551517729	0.6106349562653339	0.6185494852157347	0.6274731973612919	0.6465002017373249	0.632273978095893	0.6253769543489766	0.640050638511016	0.6054016238625292	0.6168037111512041	0.6263540024132785	0.6446290019030871	0.626417233472675	0.6065988786404077	0.6393911174429401	0.6185488604405107	0.6046180329337709	0.6391816866605732	0.6209095069770041	0.6342153093897853	0.6255659092320622	0.6244611857217233	0.6224549631694791	0.6134703339886991	0.6259258975080759	0.6356381017858876	0.6228987912745367	0.6216219524254646	0.6210069173603526	0.6231914944082975	0.6235041993932113	0.6262074736491987	0.6294302361878163	0.6299656367314794	0.6371557570056408	0.6573778967956072	0.6487808507819932	0.6354691595464289	0.6031709212607478	0.6252482523814467	0.6246009079086725	0.6395415969671084	0.6137128995661709	0.6387802479185791	0.6371788416857879	0.5976627980130198	0.6309179391286237	0.644419390479189	0.6259618960515911	0.6078026559764531	0.6162826836095887	0.6368368353650029	0.6299581369717199	0.6132653353658032	0.6433814687748223	0.6326732922806426	0.6281902780782327	0.6444372080119869	0.6217148552437977	0.6101928283611924	0.6319041787157826	0.6349649406444304	0.6191358285389366	0.6280203995137383	0.6263875124091822	0.6284464919828061	0.6395782166252744	0.6228416879100283	0.6375765181810655	0.624264224325644	0.6071512013748988	0.619976473558593	0.6114601827197634	0.6209991097787138	0.6262133792393381	0.6273092527485455	0.6351228879400055	0.6338602403528517	0.6211496339667155	0.6156301219788193	0.6173917119617509	0.6206994338664487	0.62985421851781	0.6225813988681611	0.6141213957502687	0.6157600413790436	
0.6238085131973189	0.0	0.6173061707542921	0.6250975835469932	0.6226639345633593	0.6244499941111662	0.626129036395559	0.6227382018183774	0.6080881386337322	0.6262727881815171	0.6256059478874902	0.6028200644212416	0.6134819872616997	0.6064950641565114	0.6320861066586327	0.6267206807513189	0.6308021533816597	0.6254241827748295	0.6162971554744693	0.6324677374839642	0.6133925892313938	0.623660905074291	0.6170108519871087	0.6266359869342162	0.6385520411238534	0.6202527064670305	0.6255317361538104	0.6002387720586986	0.6163147314101598	0.622210060253475	0.6059096270588396	0.630445713482295	0.6212503971824777	0.6225040163117419	0.6218556587542078	0.6189270331286756	0.6197796184970971	0.6266088574644582	0.6344921305618244	0.6047938989526542	0.6230843884233284	0.6131606162708116	0.6179606427513664	0.6181642327631443	0.6361236804749548	0.6173932621967335	0.623233927691667	0.6322913955042806	0.6266663574268992	0.622179336691965	0.6429279330545624	0.6262592808720225	0.6139808045789152	0.6370715132879452	0.6181625200646651	0.6193567209511762	0.6267444338599537	0.6303626238420152	0.627860119585016	0.6279206990267401	0.6371716999021197	0.6111867756040321	0.6287995126013175	0.6197056379788839	0.6128890251110086	0.6090599171887268	0.6113336550989621	0.6195319849811461	0.6168100166496462	0.6224248950535513	0.6300504994021077	0.6158961246656725	0.626246727582086	0.6153325013572138	0.6146746019574723	0.6265823521304996	0.6287959417360691	0.6314075333061238	0.6088823585299268	0.6261089506284557	0.6157314098929279	0.6144708199333766	0.616239426033272	0.6077667283086523	0.6084862383916657	0.6180739605412691	0.6186633576584286	0.616919456759444	0.6166954996935451	0.6437719967352216	0.6151044389791295	0.6210432741248528	0.6173580835950938	0.6246920955707751	0.6102973939469603	0.6192194829897539	0.614576272515208	0.6154328937113651	0.6240485191147724	0.5995351134304605	
0.6183799923991851	0.6173061707542921	0.0	0.6045642753549874	0.6274194287841246	0.6329694146012212	0.6317935251602351	0.5988524443552824	0.621193658053935	0.6122161880377108	0.617048648877914	0.6397417062423258	0.6335289713256527	0.6249745276157914	0.6267511044710348	0.6244217813766288	0.6128027658686104	0.620003769305661	0.6123071681836914	0.6033406331153224	0.6165715960591962	0.6125049804606972	0.6171627742982122	0.6238612213408801	0.6291587559355847	0.6293672606620675	0.6297839516097495	0.6154056444073055	0.6361602212203318	0.6242177311092878	0.6195627169701661	0.6373177667849443	0.6349614557015574	0.6335673534706227	0.6246624945113863	0.6167419982285542	0.6250124653972211	0.6170768396264407	0.6239124569200252	0.6099158721418296	0.6163487667860219	0.6202971652302398	0.6244977155147907	0.619000183882409	0.6257959370644093	0.6086206483748137	0.6383564602365925	0.6254461808906593	0.6274337355273611	0.6259288459932708	0.6207532010559458	0.6355112290437912	0.6206750857445014	0.6271702280460978	0.618732982203273	0.630868363283207	0.6258629492475614	0.62401651690376	0.6323468587530087	0.6342863628097817	0.6311435447942371	0.639845188973736	0.6218502431980866	0.6112366358799612	0.6219215388635719	0.6231397216500053	0.6348606979519871	0.6397289635985797	0.6389705159706627	0.6187894801474708	0.6256876154009937	0.626603789842318	0.6326791329905992	0.6314895712962696	0.625043462060523	0.6222928135418468	0.6446521127728698	0.6359586152840234	0.6296030055190571	0.6234995216658055	0.6249200519034299	0.6250429305880998	0.6168380151454889	0.6156664451012797	0.6257022435688807	0.6155467546782595	0.6210492017910183	0.6306823359608174	0.6196228127629728	0.6188455159681071	0.6282173577284271	0.6084474093305365	0.6226100385673189	0.6279156685408687	0.6125882852501312	0.6399190245532247	0.6182796497013302	0.6276992249586661	0.6349193802149997	0.6410876252804453	
0.6296158262317384	0.6250975835469932	0.6045642753549874	0.0	0.6203611954269774	0.6336160385414453	0.6360525487743882	0.6166113428589162	0.629892950984233	0.6195382935650774	0.635400429664657	0.618406508855885	0.6223602063317042	0.6229200922262832	0.625972704341234	0.6198221585422774	0.6175041203430316	0.6148856808745187	0.625018978596201	0.6114596614356442	0.6180433628249947	0.6229001788688004	0.6295369767890593	0.6216903269507617	0.6190258009628937	0.6199638849776746	0.6318156990797231	0.6352413681017813	0.6220889087942406	0.6251789974567856	0.6225998889949838	0.6182050953969704	0.6320335055131294	0.6212489960762226	0.6335320124446204	0.6303121163603154	0.6303628989990782	0.6282956003298394	0.605702605537586	0.620952185770838	0.631162811812991	0.6220912204599194	0.6117850939039908	0.629090200290042	0.6385723406218565	0.6207529934871986	0.6515844819295413	0.6360248980975387	0.6244169748811272	0.6325736155224553	0.6223073183911931	0.6301029893834095	0.6296936267936376	0.6140957900292183	0.6098748261477129	0.613030621553941	0.6260919759212589	0.6202891800749402	0.6325403271797675	0.6188238578742283	0.633895577054913	0.6324428059015967	0.622991541057804	0.6319548085296688	0.6374165218788188	0.6207711135023462	0.6364108374779759	0.6200728101406907	0.644511950474961	0.6122808494539463	0.6157404510940776	0.6399446008442655	0.6370745770867843	0.6175924761897561	0.6086528202321264	0.6330844819195278	0.6257757581946457	0.6255374464315158	0.6284625940334798	0.6305378605868701	0.6221141681683997	0.63978293397922	0.6207124332936622	0.6064006096541336	0.6322811384490513	0.6274641225407727	0.6180786861767695	0.6286741965273575	0.6363721097992545	0.6124841183892984	0.6217545561910317	0.6132233497982106	0.631099476995831	0.6224692861676016	0.6323645561546023	0.6400210319116446	0.6290469677693924	0.6125740673487838	0.6162958581488134	0.6190800958245364	
0.6137136920033783	0.6226639345633593	0.6274194287841246	0.6203611954269774	0.0	0.6263032565568272	0.6051234622174808	0.6351602920910413	0.2858606236578256	0.6227062651103599	0.6079962453726897	0.6169648070331042	0.6204297391101468	0.6180849436973284	0.6152514702596379	0.6274992560214672	0.619138633919825	0.6094094953114568	0.6275285359378198	0.6335623024477213	0.6245229181976604	0.6311267609870137	0.6168979507494136	0.5925885748695078	0.6278400009938461	0.5987395615320499	0.6328889524090251	0.6205181438247399	0.6181836440527906	0.6152500287461069	0.6023015511191108	0.6342726937661614	0.6327092437219262	0.6236175877972449	0.6333567906587847	0.6335310659713866	0.6324577654542447	0.5927567433904438	0.6255737765323548	0.632506439421709	0.6241426049327861	0.6222429123813531	0.622036111247728	0.6247083586089183	0.6198761757584841	0.6256726400846631	0.6392129355003513	0.6221654935716995	0.6352671400880445	0.6365433250420007	0.6414061973401333	0.6346349905276683	0.6277488987253638	0.6298787047605747	0.639378068292604	0.62406176216597	0.6311307914695209	0.6160226089675416	0.6288014563854682	0.6419003152494456	0.6264338873351841	0.6228610290341308	0.6153438278239702	0.6199728202583075	0.6183652901700742	0.6230295998905635	0.6215567593002358	0.6233960297622072	0.6340375481895568	0.6191697112283778	0.6182623566439187	0.6192005286144711	0.6330630938564821	0.6170872154827711	0.6300757220413609	0.6258947062142448	0.6175747191479222	0.6130183879514435	0.6219601556276656	0.6394470290856987	0.6072485728478765	0.6311198327653256	0.6403583596684945	0.6227245045842795	0.6141306942896365	0.620861573553923	0.604895985988907	0.6370660009781768	0.6321543482142866	0.6145590315374576	0.6246948040959107	0.6186715449008915	0.618177469707353	0.6230691805979942	0.6260258028055239	0.6270112836116007	0.6320116951445691	0.6073318371576282	0.6147933388245508	0.6240010711958945	
0.6264558768222208	0.6244499941111662	0.6329694146012212	0.6336160385414453	0.6263032565568272	0.0	0.6140614763681671	0.6189057673116716	0.6355239854582443	0.6139596983415782	0.6033772266164921	0.6013375492792457	0.6225375458944116	0.6106417122556008	0.6513030099848375	0.6336556541650787	0.6279061139468769	0.6275660363223166	0.6372294544350745	0.6162567546548763	0.6224486338611306	0.624445560591588	0.6108494444113266	0.6211810250266445	0.6296585308297485	0.6277274013782062	0.6337740754289466	0.6219750261916113	0.6242514262283708	0.6165436014858618	0.6282602420987452	0.635220348337199	0.6364128423363276	0.6452906574792969	0.6253158331130058	0.6201070756087157	0.6128779429080287	0.6241258775046823	0.6072787561347595	0.624869461977305	0.6183497122419412	0.6091079411264584	0.6206031733184557	0.6126548265591006	0.6228483418086297	0.6179324002643833	0.6503712462427995	0.6360301022570667	0.6368186467355027	0.6462159264424501	0.6218499132560619	0.638454107768835	0.6298653070277273	0.6160876223869609	0.6346217929032296	0.6201648218088656	0.6341758571496539	0.6284355968286014	0.6397460004008182	0.635571794513187	0.6340811028833007	0.6445790695967639	0.6393620987513631	0.6318940792264676	0.6091372780932948	0.633583749131025	0.6284094004658807	0.6280101157317558	0.6194600400043246	0.6321369672739569	0.6270166354328534	0.6209202853422016	0.637965462210017	0.6361100941488386	0.6096757479910431	0.6395217734818888	0.6316212645000991	0.6243960098755139	0.6141416234818221	0.6139945759400678	0.6313630592247407	0.6079001789487859	0.6228276890167754	0.6260481472074932	0.6282976686238386	0.6324962310280595	0.6213683914496283	0.6403734178584712	0.621348011777143	0.6208631051043817	0.6305721028771019	0.6321881005377792	0.6134745028130129	0.6201910032709995	0.6110369860749056	0.6446905627318663	0.6252005965488525	0.6292067404998933	0.6274040968232351	0.6134538375626023	
0.6154894527493515	0.626129036395559	0.6317935251602351	0.6360525487743882	0.6051234622174808	0.6140614763681671	0.0	0.6261866726662659	0.6242812468630509	0.6100497677664336	0.6199760518262076	0.6198110228821875	0.6161381220785124	0.6075491599523484	0.6263708921675717	0.6248974867279111	0.6222202041111808	0.6148353040153569	0.6226513382623337	0.6230564437931525	0.6203258370084574	0.6144161487499473	0.6157590521560018	0.61186667597536	0.6181179931395435	0.6321667849521838	0.6231274113416223	0.6014633459553308	0.6301255586171686	0.6158561469040327	0.619634470587072	0.6268072324566445	0.623485259463882	0.6118775087955766	0.6117586480848727	0.6089978389349772	0.6038615489998302	0.603904406009805	0.6224020222963109	0.6151780499697042	0.6245972390614649	0.6378764198032763	0.6183354262306014	0.612922725505542	0.6270450266258221	0.6198495098849341	0.6294617982963471	0.6225959737019451	0.6348255414200981	0.6283534793182545	0.6412342871099997	0.6400981528038574	0.6125719669484624	0.6360319605950004	0.6235153087716993	0.6352082689240942	0.6242578186795146	0.6230594777484607	0.6420968256906149	0.6291893663593091	0.6206201704777774	0.6437536631675898	0.6132463321445736	0.6257345798362446	0.616478710255624	0.6218624641299972	0.6189443216456035	0.616561068819546	0.6412504094899467	0.6259982714110218	0.6420481693658114	0.6340314766692001	0.6117853757881839	0.6258532348597577	0.6117366566531621	0.6287794924044872	0.6209986750452634	0.6139488767062904	0.6313594496335273	0.6447219875529164	0.6319372382687767	0.6127662864850314	0.6212543371118406	0.6131082391779163	0.6400030639841072	0.6170964278314008	0.6281311683888995	0.6362831421042483	0.6165154939442852	0.6274265223042813	0.631279297488661	0.6415760088856632	0.6184090344443354	0.6352479957260551	0.6221365860660857	0.624318537643973	0.6323035356397742	0.6153062712901323	0.6209846535866059	0.629872196211155	
0.6237909452643468	0.6227382018183774	0.5988524443552824	0.6166113428589162	0.6351602920910413	0.6189057673116716	0.6261866726662659	0.0	0.6330521361784478	0.6255260064268866	0.6252232185787567	0.6321600077733305	0.6218675586728473	0.623724585236235	0.6264583376940958	0.6086185445643725	0.616427905372062	0.6190234192092943	0.6290355402300464	0.6034306832852834	0.5922378789627591	0.6310535543760749	0.6257211874368058	0.6192161590017613	0.6092230436875611	0.6358376747170034	0.6242544184675362	0.6228376803888978	0.6231479628544905	0.6407801157084692	0.6013150765520274	0.629265733300862	0.6234476199419581	0.6156300592574437	0.6253212703225741	0.6157748683335305	0.6026891902453876	0.6270684741606884	0.6320535202115795	0.6138420252902995	0.6186976675739649	0.6383769430412627	0.6445848870919457	0.6236993108622757	0.6407904317398945	0.6219784483292559	0.6387307776613877	0.639977960821606	0.6245578897730518	0.6192138418465505	0.636784862906392	0.6353660553953755	0.6205501865870069	0.6241619473311791	0.620478329617488	0.6167647668027489	0.6208882782876977	0.621921883911907	0.6322469081876054	0.6391641908818169	0.6273235237617967	0.631691782854654	0.6065269727892288	0.6153668517470321	0.6340330236513335	0.6109565468485554	0.6064435459131998	0.6191932229756051	0.6246487018411195	0.6200221016564013	0.6100856601020747	0.626482641290699	0.6208339833934349	0.6109166374175173	0.6250983218653775	0.6222141883667403	0.6215136425996137	0.6184577402489873	0.6178941595702809	0.6230227875304181	0.631739790866366	0.6288547767513872	0.6293673267122448	0.6393695477256416	0.6132820029266067	0.6148653815555709	0.6215331071815198	0.6104508642468681	0.634528877283773	0.6167668576717392	0.626324941884318	0.6226578103311735	0.6245212866084799	0.6390177423732263	0.5983695041920722	0.6448664848727221	0.6166033266440067	0.6293554372372598	0.6249097484131593	0.6294333359747615	
0.5735607933713185	0.6080881386337322	0.621193658053935	0.629892950984233	0.2858606236578256	0.6355239854582443	0.6242812468630509	0.6330521361784478	0.0	0.6293055124447484	0.6122953903586066	0.6276098068029741	0.6118405596223313	0.6238730341815697	0.6365703590180337	0.6230697267452265	0.612432604995451	0.6305819432619584	0.6161432024012719	0.6448940437588735	0.6240813177572897	0.6274338967775861	0.5886478946079678	0.6271995147890144	0.6048725847083866	0.6106096260807996	0.6241360496162118	0.6200752620223233	0.6318048996487478	0.6352116892452325	0.6264473527322547	0.6331165031681227	0.6357576858756382	0.6077865396701476	0.6192272496983731	0.6298795278535043	0.6027664788426201	0.6198022986552674	0.6142676321123444	0.6195266554701673	0.6028576199644136	0.6194815192183205	0.6272346110879014	0.6276794193017199	0.6061770916784215	0.6262574790386779	0.6223069079781178	0.6389790704721043	0.629971403257523	0.6284516829158238	0.642137428255876	0.6345391919226533	0.6202168362660766	0.6223690860237139	0.6447032346255194	0.6122113270372196	0.6344689268346921	0.6184537682160753	0.639105056856841	0.6266663436790594	0.6227185788622949	0.6333889317945113	0.6226523978390484	0.6206985158234455	0.6168614887865669	0.6019849096943446	0.6203310113255526	0.6129912509176116	0.6396994922661496	0.6195203819810037	0.6269532774929167	0.6253155300592161	0.6332272871829479	0.627248314958163	0.6240690605512946	0.6097810901803769	0.6221786307511052	0.6317026271711276	0.6250250928842509	0.6256073918887057	0.6169257066656959	0.6272245792410012	0.6297907314260893	0.6293543289835122	0.6001793993009403	0.6183882755921812	0.6140113079601869	0.6230802117347077	0.6141398565872824	0.6278677221418387	0.6201955000556414	0.6229923190620492	0.6178168924925627	0.6153717474474983	0.6123127560271995	0.6258400386324838	0.617142040316814	0.6253078759829398	0.6323387217339809	0.6211247653274635	
0.6350352373126856	0.6262727881815171	0.6122161880377108	0.6195382935650774	0.6227062651103599	0.6139596983415782	0.6100497677664336	0.6255260064268866	0.6293055124447484	0.0	0.6221476770500687	0.6277842665401694	0.6290216207819048	0.6199871241732247	0.6254749044792077	0.6249745679441117	0.6207196271877773	0.6216044503109139	0.627255909866271	0.623525526149378	0.6124045352149561	0.6141259706823291	0.6190419563583618	0.6261264297259834	0.6097329779726866	0.620830196330411	0.619807620870424	0.6255332305478682	0.6149898069683231	0.6278370298361312	0.6148952094838249	0.6238342132194539	0.6209592862646705	0.6182997628896834	0.6237263964728874	0.6300634041579445	0.6293533770071771	0.6047321687529534	0.626834551053374	0.6206928660179236	0.6207919146886979	0.6248004905144395	0.6058791896112867	0.6268290107066392	0.632717827790632	0.6288787177359103	0.6261887693785795	0.6360248105211332	0.6230578040663236	0.623419270336296	0.6286696464445003	0.6261183703515684	0.6308243195077508	0.5968661288831538	0.6045511542709047	0.6315856778203661	0.6343708068887033	0.6070950647589524	0.6314795491264058	0.6308062580978249	0.6415963284849311	0.6216714174573117	0.6277542341972151	0.6210279408113732	0.6143002533659468	0.6216792439488278	0.6157199899259377	0.607663164139425	0.6477862806227812	0.6312765203127114	0.6259977194767647	0.6201811017182461	0.6193948180145444	0.6377608861370201	0.6324344550743005	0.6308705037682732	0.6213657258501107	0.6119521571670568	0.6115552222977334	0.6377975804722968	0.629327127660363	0.6186472610881664	0.6295048643359893	0.6269901814725866	0.606619591135065	0.6048111557987714	0.6168387239276845	0.6143698336375654	0.6150934064624198	0.6197172832113089	0.6147585043674275	0.6198412956559415	0.6257627205479446	0.6024116566360744	0.6124449559273497	0.6295220477961132	0.6242433541176647	0.6254433934905175	0.6164390794866119	0.6261475302557133	
0.61027899199474	0.6256059478874902	0.617048648877914	0.635400429664657	0.6079962453726897	0.6033772266164921	0.6199760518262076	0.6252232185787567	0.6122953903586066	0.6221476770500687	0.0	0.631827726753802	0.6168169694424699	0.612231535707522	0.6274001939016894	0.6268688422059558	0.6218509121925917	0.617550426035048	0.6297463686394793	0.610035996704035	0.621438084463666	0.6130802047343509	0.6294355682105767	0.6308188129340695	0.613986226488805	0.5973543928907032	0.6272325000842761	0.6321765674652569	0.6130558837817237	0.6191059984607976	0.6118566485253252	0.6194865606015263	0.6221459301680683	0.6235081530888642	0.6153848793946559	0.6219576178257864	0.6283320457667156	0.6194965428591587	0.612333429663408	0.6270692390119819	0.620856829854137	0.6206515942909087	0.5969762303793	0.6187798655318699	0.6154020817274493	0.6088107706744448	0.6403582178403643	0.6369140749723138	0.6172255488998852	0.6229835656556411	0.6414508319899525	0.6423716253487726	0.6297110864199928	0.6232792970649133	0.602667414452883	0.6133960324266698	0.6272441321639235	0.6301490595301447	0.6357173207501927	0.6192967574600068	0.6200021335349584	0.6370330590822975	0.6187582687346926	0.6325698811402197	0.6373533398103706	0.6294658923849034	0.612971748614768	0.6284615299903131	0.6271035646019663	0.6276620819329195	0.6296865160080568	0.6245435692726589	0.6168946566395745	0.6288093632143443	0.6223336217636469	0.6287334175532846	0.6100278372201005	0.6278957899599902	0.6375651948384411	0.6069613132051581	0.6180453553054652	0.6433029142343701	0.6113419212259643	0.6313049738837855	0.6362366430277361	0.6144577110323802	0.6290708979045482	0.6074266682058923	0.637222414576433	0.6377548570384965	0.6223624997145905	0.6344519771321002	0.5735610936594571	0.6157384447924059	0.6292550233824084	0.6299220906262033	0.6147756047220545	0.5900671844571268	0.6240941781740893	0.6407916542450119	
0.6198962405196071	0.6028200644212416	0.6397417062423258	0.618406508855885	0.6169648070331042	0.6013375492792457	0.6198110228821875	0.6321600077733305	0.6276098068029741	0.6277842665401694	0.631827726753802	0.0	0.6216951053092425	0.6063061038350819	0.6318901707047455	0.6206670130135908	0.626631293388234	0.6161189917831058	0.6232839921700164	0.6305672465883987	0.6257464722816372	0.6128242406936275	0.6319338827291578	0.627669935383089	0.620024710137612	0.614242955544289	0.6332211760000934	0.6078631787469662	0.6213396654875855	0.6156078053974611	0.6152846925730499	0.6151048598438085	0.6256645104484946	0.6272590885992015	0.6269208171495189	0.6246552574719533	0.6348339550971639	0.6299871450024885	0.6240590245958795	0.6015546142970206	0.6102835399697768	0.6279666839390565	0.6203495141033419	0.6406724733851361	0.6201064523697645	0.6193631708821139	0.6488179007269484	0.6240701858289888	0.6340911666760545	0.6302909067191175	0.6575940522622203	0.6141204264855797	0.6181448171311357	0.6014666737163824	0.630202688370584	0.6265961512292606	0.6170475409178546	0.6217486027223638	0.6310306948590687	0.6377642280660596	0.621097394167565	0.6351989150150045	0.6168612013889285	0.6256612816170068	0.6155095244239686	0.6306941613707984	0.610911447339489	0.6217654265270691	0.6277735979164704	0.6255983760567522	0.6244650064519464	0.5953165320913432	0.6299656528554864	0.626713813737656	0.6167933387392923	0.6268400494119899	0.6332713234210633	0.6185633839759315	0.6239929549468636	0.6220357183261521	0.6195754382549767	0.6129289460857625	0.626779584673334	0.620400378821151	0.6251492612847839	0.6213956081593283	0.6303996516831698	0.6235393509773738	0.6246427037129568	0.6200090020996469	0.6214910417267725	0.6248529272750086	0.6138397369765698	0.6257990738097898	0.6189011155107598	0.6139443701856868	0.6316839123615052	0.6172080641587505	0.606467405578671	0.6257394263813594	
0.6288927840915467	0.6134819872616997	0.6335289713256527	0.6223602063317042	0.6204297391101468	0.6225375458944116	0.6161381220785124	0.6218675586728473	0.6118405596223313	0.6290216207819048	0.6168169694424699	0.6216951053092425	0.0	0.6092371644772603	0.6199322760468255	0.5922541184846575	0.6379775707993645	0.5979749650641485	0.6284425296011807	0.6129021508204531	0.6181883289137019	0.6264079614724279	0.6116721031693839	0.6160247254993232	0.6039968956342541	0.6069051395701477	0.6190044851830804	0.6124198025154497	0.6117455949229906	0.6186434274977306	0.6122659127514567	0.6328763043427661	0.6243878494700754	0.6292832024192638	0.604151147341043	0.6217061734008298	0.6232188325621831	0.6168522466021807	0.6314389756946813	0.6179281407378383	0.6361809610017315	0.644732338197207	0.6264585511952816	0.623563306374577	0.5987134317665224	0.6127956150013316	0.6163091191830982	0.6247328295710961	0.6183279444035563	0.6304946653632802	0.6359731424333138	0.6368813931408732	0.6254624700075393	0.630014985139661	0.6262139418925361	0.6228147759244591	0.6298329307028576	0.6061754416386118	0.6255489001407337	0.637928739380027	0.6372873417555864	0.6269279331984394	0.6201541615276088	0.6066787209715843	0.6201224663965594	0.6270379613167276	0.6256080991681547	0.6249769156227798	0.607977980555482	0.6082750420103131	0.6291118250965716	0.6350972831803905	0.6352001846771034	0.6308964848694354	0.62199517202879	0.6381106768693667	0.6181197248939162	0.6140703573983519	0.6262208284539879	0.6217345723805725	0.636062731952476	0.6272407072673338	0.631995048179147	0.6119099164012499	0.6078848758116148	0.6203224687566373	0.6088185075785076	0.6193780145001746	0.6172552229211614	0.6178513087880733	0.610438880098144	0.6006135783096693	0.6196050887106095	0.6248910886333001	0.622023872122762	0.6324649374001436	0.6162493023261908	0.6183279203951366	0.6342149062016841	0.6315334330173752	
0.6126282130854138	0.6064950641565114	0.6249745276157914	0.6229200922262832	0.6180849436973284	0.6106417122556008	0.6075491599523484	0.623724585236235	0.6238730341815697	0.6199871241732247	0.612231535707522	0.6063061038350819	0.6092371644772603	0.0	0.6377847066982523	0.6259072698675507	0.6203845512969185	0.615575005469337	0.6322949747495161	0.6243852153482652	0.6184425600914806	0.6113106485342699	0.603545953227927	0.6216239465481369	0.6246272356875349	0.6206531524379351	0.6291475326267064	0.6271210434434124	0.6270569770172224	0.6060127198980901	0.6274404921317223	0.6216174958562821	0.6207482495570247	0.6167267607094726	0.6214851369137067	0.6180303452809202	0.6354747607838405	0.62576672156692	0.6174701064671615	0.6277491402848114	0.6234954062657232	0.6255497004571502	0.6172210034419836	0.5976105803258165	0.6255808986552787	0.6333318021014309	0.6374141361028518	0.6349444128460684	0.6188188505928295	0.6426882041505076	0.6372469535925107	0.6393065655524204	0.6268010224130134	0.6214386400970222	0.6230181895852012	0.6223771312174573	0.6271530343006688	0.6303925373277033	0.6295711141802868	0.6447989543815356	0.6413903649833184	0.6388326463628167	0.6124623769177281	0.612034161227259	0.6389283725209822	0.6158718075684224	0.6311225748813589	0.6175265690855468	0.6337840785171858	0.6337863578142803	0.6175399482400119	0.6016861437917449	0.6282803593091635	0.6235588042462071	0.6341878803502166	0.6262390468228571	0.6285563910567864	0.62423713940468	0.6130836584150391	0.6237846965962468	0.623620788050974	0.6290172271252619	0.6153772545694294	0.6124925813390543	0.6217188353236364	0.6220367096116346	0.6022486356505388	0.6290229483207459	0.6233209471365169	0.627955953502985	0.6379105016583948	0.6052168715493909	0.6226323148652018	0.6349473635815199	0.6303278922972821	0.628438054311323	0.6253406533804786	0.6367065928927247	0.632357616380662	0.6354334805614317	
0.6309611551517729	0.6320861066586327	0.6267511044710348	0.625972704341234	0.6152514702596379	0.6513030099848375	0.6263708921675717	0.6264583376940958	0.6365703590180337	0.6254749044792077	0.6274001939016894	0.6318901707047455	0.6199322760468255	0.6377847066982523	0.0	0.6041918008471883	0.629327569709091	0.6290335599879531	0.6358485581884006	0.6221191825682906	0.6163417442051677	0.6243325225804931	0.6340264325807001	0.617174449337722	0.6073197686938143	0.6405851249849313	0.6388318212313868	0.6287101881449209	0.6276516862308728	0.631356507134539	0.63149855092965	0.6546382814233564	0.6399615232061282	0.6280456411787312	0.6375901346397236	0.6458402180193379	0.6286561015055394	0.6258288838224404	0.6321119673649384	0.6440822926749367	0.6321081738738749	0.6443854654262129	0.6384706419255103	0.6404239026013552	0.6314337157870322	0.6245439567539877	0.6500296297847122	0.6393607353826858	0.6253561991056567	0.6334549574626835	0.6374005289431312	0.6467961760453921	0.6419340480890395	0.6167976743142956	0.6186725973409639	0.6370491506035848	0.6437334847485847	0.6151717667998269	0.6566966693607195	0.6391293874853174	0.6418944005030226	0.6417360274006016	0.6301016152738633	0.6245485641950232	0.6364494033679533	0.638274300709232	0.6287328624412956	0.6266851158295381	0.6447772579744082	0.620339467087041	0.6350315859481344	0.6432137006396175	0.6202655411120911	0.6338254911901655	0.6360836911000989	0.6324831624934006	0.6401575594062042	0.6366252582453683	0.6336804447449904	0.633416653525906	0.6246754564816326	0.6362358689545158	0.6479673633560732	0.6308031461839869	0.6322442187521256	0.635237781745845	0.6312044653512685	0.6327110359807058	0.6262621914382542	0.6167661401515134	0.6370178648748814	0.620923433560566	0.627760183754995	0.6298662952719747	0.6361539180576343	0.6351464602047519	0.6335034022208854	0.6224220034339851	0.6386757155496688	0.6510614491418529	
0.6106349562653339	0.6267206807513189	0.6244217813766288	0.6198221585422774	0.6274992560214672	0.6336556541650787	0.6248974867279111	0.6086185445643725	0.6230697267452265	0.6249745679441117	0.6268688422059558	0.6206670130135908	0.5922541184846575	0.6259072698675507	0.6041918008471883	0.0	0.606083042920142	0.6354612083512543	0.6074439370040527	0.5916707232565883	0.6041554551124564	0.6211788685021047	0.6284817448121809	0.6244142967116448	0.6264556679109492	0.641605902088485	0.6259579154725976	0.6064189863999546	0.627672446570553	0.6154827000533858	0.6188170609107534	0.6398684238938563	0.6302370114985808	0.6169184899167506	0.6287914349342554	0.628957468620506	0.6388922828295079	0.6270005454945415	0.6189371521941225	0.6363030460763918	0.6243577393542338	0.6306524584906049	0.6338200973207102	0.6063458154959434	0.6270228454552539	0.6296935203615579	0.6307621620145136	0.6308204079325228	0.6283657202962557	0.6378548138228689	0.6315621650150808	0.6389760564417009	0.6243961212222102	0.6193245577864762	0.6354802844267611	0.6136945932150697	0.6212739077701566	0.6246915938659433	0.6301330722951227	0.6309422662035584	0.6374794008071256	0.628207113337783	0.6283297802582624	0.6322194027564673	0.6215448827532095	0.6324055857340163	0.6224273677784828	0.6221950379967229	0.6259958123131941	0.6286688550541103	0.6216480274021343	0.6210272311579383	0.6322021633708028	0.6167945988011876	0.6293209880588164	0.6254018101721246	0.6229812078484107	0.6236183014712762	0.6256401453122431	0.6293668708105951	0.6260666908597976	0.6296052556593902	0.6327293143696602	0.6276334589266954	0.6256812601612146	0.6273604325891122	0.6196141150634988	0.606390053170369	0.6255118235210382	0.617144852390836	0.631121506256338	0.608608372154842	0.6174887421627633	0.6190702887892062	0.6238586656597683	0.6239290873498549	0.6193434200452486	0.6101170034453737	0.6131336737776671	0.62402571264023	
0.6185494852157347	0.6308021533816597	0.6128027658686104	0.6175041203430316	0.619138633919825	0.6279061139468769	0.6222202041111808	0.616427905372062	0.612432604995451	0.6207196271877773	0.6218509121925917	0.626631293388234	0.6379775707993645	0.6203845512969185	0.629327569709091	0.606083042920142	0.0	0.6253867159195132	0.6299460676638038	0.6197589915371637	0.6337563430788786	0.6213926093692786	0.6378780451931177	0.6373580049795491	0.6154076125690358	0.6283461560905734	0.6258633051640385	0.6104145103151406	0.6286283057965092	0.6188748726324267	0.6176879246653038	0.6340515106839477	0.6424410644677747	0.6166928568645629	0.6351434966194882	0.6259915844697683	0.6268333845507315	0.6247278496565948	0.6307637446706382	0.6235444569701951	0.633858636886123	0.6245494454460232	0.6209994910861136	0.6423395939474981	0.6247280781031298	0.607495799342511	0.6460347842222944	0.642955434089451	0.6310549966002117	0.6345163992929641	0.6473115863057952	0.6260141156302508	0.6246813928095365	0.6284111827377034	0.6124640224363167	0.630676665645242	0.6294068434316875	0.6078644022655388	0.6331395677246896	0.6344060779227771	0.6383789949895273	0.6286714826127022	0.6396990126578447	0.6304373310161822	0.6353809382280233	0.6405179235962446	0.6361687427807254	0.6306693323765136	0.6380283049383244	0.6239155926478523	0.6297327764104108	0.6304387776435076	0.6127601829939373	0.6172313524456643	0.6416407320033848	0.6292605448650754	0.6297440681976494	0.6313336875506006	0.6419849858156628	0.6299086767050757	0.6314134323950779	0.6341336338383368	0.6406779259324611	0.6090169448305927	0.6182243167603411	0.6005126977636844	0.5962331941752965	0.6232196943325228	0.6213537650112044	0.6251915070651369	0.634107945846009	0.6008744443412999	0.6342643368350849	0.6162240903419431	0.6172999781191575	0.6351497782513618	0.6234743606628002	0.6185729651767922	0.6289412086383258	0.6212139211532894	
0.6274731973612919	0.6254241827748295	0.620003769305661	0.6148856808745187	0.6094094953114568	0.6275660363223166	0.6148353040153569	0.6190234192092943	0.6305819432619584	0.6216044503109139	0.617550426035048	0.6161189917831058	0.5979749650641485	0.615575005469337	0.6290335599879531	0.6354612083512543	0.6253867159195132	0.0	0.6207261071978938	0.6245408461844668	0.6232654423583165	0.6179790650432484	0.6174697806969685	0.6320490519129227	0.6103761627046567	0.6070217410549912	0.6252594271889642	0.6296314669610291	0.6248885033375084	0.6203588165634484	0.6212396521521358	0.627667892533446	0.6256929518375481	0.6085893831639797	0.62742416367637	0.6107750145515947	0.6130917083049583	0.6339362737836641	0.6281337384978549	0.6087782730428758	0.6391789014539415	0.6273775472418139	0.6053309436578114	0.6117837094276859	0.6224136864532241	0.598411313590422	0.6367537893328725	0.6114597181705648	0.635829879775651	0.6243534152561441	0.6261833620491484	0.6491933133864264	0.6336384908114367	0.6312590354319887	0.6277101246610861	0.6128607292296976	0.6241882638724645	0.6193070013191346	0.6484271937936787	0.6248596920367224	0.640741448152581	0.6327557060757807	0.6191854890995687	0.6058711118649672	0.6221200690190943	0.616837475982854	0.6362877917894939	0.6193537386701786	0.6168709369204248	0.6070760915600751	0.6351041205163129	0.6281085236326432	0.6126245665714015	0.6191645131506537	0.6274444864142898	0.6346133234265867	0.6339114236638804	0.6225737356621222	0.6227823853332215	0.6211550537235007	0.6158929324179474	0.6234688101619679	0.6194466875247997	0.6244761173555886	0.6175992531743772	0.6289191161811571	0.6240278746435615	0.6307318958819792	0.6270989902969821	0.6363909634533275	0.6218007692860528	0.6308893489176923	0.6105628061499841	0.6204906791412319	0.6384487660748073	0.6399592992755287	0.6372764385154769	0.6316725300213377	0.6143113136891065	0.621160049129511	
0.6465002017373249	0.6162971554744693	0.6123071681836914	0.625018978596201	0.6275285359378198	0.6372294544350745	0.6226513382623337	0.6290355402300464	0.6161432024012719	0.627255909866271	0.6297463686394793	0.6232839921700164	0.6284425296011807	0.6322949747495161	0.6358485581884006	0.6074439370040527	0.6299460676638038	0.6207261071978938	0.0	0.620155650196833	0.5989411188145306	0.6049353462512006	0.6364661014742177	0.616871349748491	0.6214092775314177	0.6151542656344937	0.6236054550741716	0.6249978436700002	0.6237310073275196	0.6350471333145699	0.6145142305261266	0.6261579196886351	0.6224150443358278	0.6163408273203783	0.6424717735350962	0.6354755250031484	0.6230728438515184	0.6263352367111303	0.6345354713865506	0.6213678234959286	0.6079981930271889	0.6107637402873379	0.623630565027594	0.6079820653734392	0.61804845545674	0.6289058219604324	0.6350602871879052	0.6440072901812596	0.6252238544137794	0.6245863672668268	0.6340560621497213	0.632435706784368	0.6223433621506282	0.6367528491847814	0.6316075595718409	0.6349740027771327	0.615926540683965	0.6032073123263675	0.6451515248835098	0.6213054329075778	0.6218110742034569	0.6302057527915069	0.6173455370879537	0.6160673753155174	0.6203646653630477	0.6190291419447318	0.6268778620197799	0.6312410385097452	0.6208751388221279	0.621004760845453	0.618409433367866	0.6148272092340109	0.6263983915438872	0.6348565301405216	0.6148124084788887	0.6250821689365265	0.6022657394646425	0.624662131719036	0.625008198985229	0.6273614295843011	0.6161607049861029	0.6211794210491521	0.6379924232007674	0.6211488612463056	0.6192729102370305	0.6254962731940569	0.6212299839495976	0.6077632593034794	0.6203725739270918	0.6243112507890363	0.6323282818759064	0.618504612522503	0.6248098567148761	0.6249253864766124	0.6208509831480135	0.630980254035364	0.6261108974636806	0.6333804628458126	0.6038732262635584	0.6246426189756541	
0.632273978095893	0.6324677374839642	0.6033406331153224	0.6114596614356442	0.6335623024477213	0.6162567546548763	0.6230564437931525	0.6034306832852834	0.6448940437588735	0.623525526149378	0.610035996704035	0.6305672465883987	0.6129021508204531	0.6243852153482652	0.6221191825682906	0.5916707232565883	0.6197589915371637	0.6245408461844668	0.620155650196833	0.0	0.5997012689308052	0.6141410446033426	0.644487204711246	0.6246476647229439	0.6123834953884064	0.6205080602846481	0.6409610950934186	0.6248055387088394	0.6153962047568775	0.6268222355452144	0.5966881764579448	0.6213515511669339	0.6425679999772853	0.6269414295176285	0.6222197073846021	0.6384033040407846	0.6179264236560686	0.6276937598350083	0.6274193199403576	0.634805321485391	0.6177075085758758	0.6437542549873603	0.6227449390427608	0.6233507678550572	0.6250443856348821	0.625289830993373	0.6432127133519918	0.6458738240700416	0.6437512755937738	0.6341251830923952	0.6332972466420328	0.6182373533825729	0.6422974045347822	0.623821781115893	0.6267481756799574	0.632903710423129	0.6260061011619056	0.6426470145223038	0.6422255187727296	0.6541239797110188	0.6270008881251712	0.6390883258447991	0.6148803208567962	0.63130519587201	0.6367707751593864	0.6302034544751115	0.6278134857435238	0.627349211267338	0.6325542218949886	0.6387615793022785	0.6355058783783314	0.632052392584745	0.6220985330538416	0.6151440621168438	0.6292366833725112	0.6127511956004047	0.617313177579566	0.6138703796022003	0.6284112892926488	0.6258349544523508	0.6316058101127928	0.6211501174764407	0.6274573423072133	0.6098937622029948	0.6270214087786965	0.6406756502484916	0.6306287528217261	0.6288254831525362	0.6321602292920514	0.6177668765282673	0.6286234206975456	0.6265958110247174	0.6350302475888259	0.619721619117192	0.6268319383798173	0.6266172627283777	0.623753119025013	0.6338132688721596	0.6233044934126404	0.6440526085339185	
0.6253769543489766	0.6133925892313938	0.6165715960591962	0.6180433628249947	0.6245229181976604	0.6224486338611306	0.6203258370084574	0.5922378789627591	0.6240813177572897	0.6124045352149561	0.621438084463666	0.6257464722816372	0.6181883289137019	0.6184425600914806	0.6163417442051677	0.6041554551124564	0.6337563430788786	0.6232654423583165	0.5989411188145306	0.5997012689308052	0.0	0.6056861225817078	0.6192029244687467	0.6300488273396883	0.6164789395679935	0.6113411035086672	0.6073580935469137	0.571665536413372	0.6247190188366261	0.6310466786338145	0.5999791837878332	0.6295286722783944	0.6384877097712455	0.6191407138704866	0.6207450780218948	0.6249498936898408	0.6249529095929036	0.6325404319330425	0.640156364552374	0.6273805792915041	0.609213314389119	0.6210139825284441	0.6154428005721565	0.6144675169162245	0.6354981247752607	0.6194286083852882	0.6515161655756452	0.6286879825674163	0.6258013469403336	0.615049518780681	0.6395958137449118	0.6385576308085281	0.6200086551012592	0.6309298579031317	0.6183640217370026	0.6203710679698373	0.6193894415222818	0.622470643143141	0.6343536256013989	0.6241129757673667	0.6229903687257006	0.6178533812887823	0.6278495425041144	0.6286888656300913	0.6260808209608093	0.6183373598390306	0.6266875788672154	0.6287118053859609	0.6152096049576581	0.6109997029861882	0.6180643447391263	0.625584320240477	0.6203829184235283	0.6122694863520018	0.6071235583168648	0.6288593120798581	0.6282988641911739	0.6288324043040127	0.628642332195545	0.6130326437594611	0.6130699579086618	0.6135195227744237	0.634374214151491	0.6302883229296332	0.6081214068327938	0.6315507242457308	0.6462155682902542	0.6139100405312037	0.6066245313734454	0.6152799090709253	0.6398329902061342	0.6213499765576516	0.627999342164554	0.6373290891490009	0.610225328665557	0.6135945808116807	0.6014954261896798	0.6181004372464332	0.6357236880103795	0.6255800501721651	
