#TSI	
0.0	0.6738789215935606	0.6582062384243805	0.6590745074933793	0.6541231474260255	0.6673812810481567	0.6612500391848641	0.6751660297196289	0.6593842568208914	0.6712627525663553	0.6555794003402995	0.6724917764201308	0.6579956603905159	0.6686213876643328	0.6494843991698811	0.6648142781748231	0.6698588008120039	0.6711171026006282	0.6654346632675328	0.6685923626069974	0.6697407619095523	0.6676768746642748	0.6691372048588444	0.6725218042687506	0.6508691406240612	0.6680655684990446	0.6625894081757464	0.6530243078808831	0.64911549478101	0.6532872723743302	0.6800048376784815	0.6612918157845471	0.6493602044810411	0.6615865094775857	0.653507362343389	0.6519808526150819	0.6709070308884387	0.6707622938494325	0.6789194464901269	0.6728561798219239	0.6862848599066701	0.6800753752765287	0.672166119303029	0.6794465256744806	0.677713014384197	0.6708191712589693	0.6685919534426543	0.6650312497040438	0.6723135537297336	0.656533172348984	0.6765938777596743	0.6752549117669975	0.6704630566501955	0.6800559310008698	0.6577362517347948	0.664048783694553	0.6802923076896461	0.6739149009807218	0.6577218636875948	0.683544730634439	0.6732620062547828	0.6718992048994806	0.6854647850408508	0.6890789909233449	0.6794033000489839	0.6795464253975878	0.6682467892202788	0.6653223265508609	0.6695921738679818	0.6757784573887962	0.6734231164219561	0.6688015857823579	0.6631922093558646	0.6552523316015411	0.676947869649872	0.6795680022788645	0.6767500405792071	0.6835178229638954	0.6801188121405618	0.681230570275026	0.6642701901423875	0.670335600356045	0.6739978691289491	0.670145506154979	0.6880646315822816	0.6825922997117898	0.6647616615180207	0.6815196872325295	0.6742476364087189	0.6687639579082251	0.6834928932966178	0.6821198890343994	0.659645365608201	0.6877246225669779	0.6777285445290291	0.6803245077257147	0.6839486282748042	0.6828642759739365	
0.6738789215935606	0.0	0.6492011244639602	0.6626037426933064	0.636563713662281	0.6623903182363693	0.6594434741087627	0.6473215636470362	0.6523217633884093	0.629306845330026	0.6658944762196009	0.6653646701638145	0.6222713625625459	0.6361415282771044	0.6259181412432124	0.6302096169494651	0.6152235032412421	0.6541262449725297	0.6577799832527639	0.6767030145378974	0.6604530440435906	0.6588011845794202	0.6332062616118098	0.6578515676660988	0.6735795381732452	0.6459785683709989	0.627532552663203	0.6720463275434433	0.6474007817318022	0.6733403732642954	0.6573130648648751	0.6695185143820409	0.6616158237142424	0.631779367573981	0.6786364233119611	0.6231525735171688	0.6762716682025114	0.6555960736073992	0.671593058841073	0.672299487492116	0.6775640042111786	0.6659211083708911	0.6601990500426796	0.6823810249375765	0.6621157505906312	0.6698990560297242	0.6633266884346656	0.667932986301303	0.6764560371532761	0.6629422604714823	0.6736491438372676	0.6701910459809572	0.6593350680359867	0.6678721437012105	0.672412218957102	0.6770826959254289	0.6752132774383128	0.6587967814269236	0.6685971362435666	0.663961421960596	0.6715930324798614	0.6743515262857406	0.690439748445467	0.6678319028595409	0.6802137489877483	0.6767946021623483	0.6578416462266309	0.6689118921270216	0.6746818309011599	0.6767824587028572	0.6623104480820853	0.6714477927646445	0.6633793731966271	0.6752015328840761	0.666927787884589	0.6710948237495613	0.6720369518927243	0.6762318136081031	0.6767354781863756	0.6440227323994907	0.6619017167468209	0.6892482772178423	0.6671669026951247	0.687259205912742	0.6728173454476926	0.6811275306409874	0.6616097493582027	0.6788055175574765	0.6898994484816195	0.6721271152183566	0.660005975940271	0.6673776534008684	0.6820061914836703	0.6794188506880297	0.6776659817150756	0.6787358830976751	0.6836892167925859	0.6709623012985524	
0.6582062384243805	0.6492011244639602	0.0	0.6655563994289175	0.6403098807075641	0.655773573588204	0.663666674822156	0.6634474352842377	0.6517608723764208	0.6732945079301238	0.6690679668330755	0.666876824212348	0.6573959931897464	0.6616499859261968	0.6527806846840886	0.6638065627875123	0.6689216712916248	0.6539531976892012	0.6674051844292573	0.6572617524148184	0.6640493804629071	0.6507784979686158	0.6588576687157064	0.6444498109411569	0.6630045269947755	0.6478153539870085	0.6584606446969761	0.6511744391503852	0.6500533636940138	0.6525340022131946	0.6451136314742452	0.660048827348221	0.6689978932499203	0.6643361181188049	0.6563618176003315	0.6688915509015013	0.6849030184860293	0.6722275909765727	0.6771172461585849	0.6820489539360208	0.6696235259038035	0.6877807907101343	0.6900596828982308	0.6729619634996085	0.6884778504656079	0.6835360566190567	0.6848429546151502	0.6814367470216844	0.67617251042839	0.6848085572413078	0.678547940226419	0.6864723884412958	0.6915813540628077	0.6685403283718325	0.6910621016963455	0.6849549345499493	0.6901939864197513	0.67873723509596	0.6840746281272854	0.6756171038929386	0.6672599988583535	0.6847918274596978	0.6863326984236143	0.6719179589510315	0.6857108269961623	0.6891555088224133	0.6699127462633865	0.6879707900434325	0.6884522960413285	0.6718552679982226	0.6841205869391965	0.6795540417921422	0.6866037929173738	0.6866603559970521	0.6691553095683729	0.6770079479310672	0.6780653172109723	0.680502221193722	0.6730847269193447	0.6828463997747205	0.6759254221179312	0.684579326897901	0.665009411512629	0.6788706763270319	0.6706842574405996	0.6777565428006964	0.6887341116042127	0.6644575216780733	0.6824121717093516	0.6794797879825817	0.6854486986265604	0.6780672643660752	0.6820985493383874	0.670951230651049	0.6812834348977209	0.6696104212722049	0.677319612064295	0.6681751138872494	
0.6590745074933793	0.6626037426933064	0.6655563994289175	0.0	0.668512514749197	0.64105603633582	0.6559796633358981	0.664216005574399	0.6283876264682078	0.6505729461193492	0.653470309534883	0.6636373776746218	0.6739554977812332	0.6626444550049602	0.6542147732951122	0.646109635503971	0.6462398933273393	0.6567250985726021	0.6508394650822282	0.6708750946781684	0.6529914106181522	0.655486025769241	0.669607598013092	0.6588795559079765	0.6614104748005579	0.6542379828621079	0.6438785134598681	0.6447170697462657	0.6466782175690362	0.6626578569996651	0.6606809268897047	0.6606049864610071	0.6672640503596652	0.6683589860736564	0.620058980013144	0.6600234414583472	0.6646007645530336	0.6850422121917663	0.6743590577244996	0.6718606801273445	0.6837281782474894	0.6792805270885649	0.6508539645301071	0.6602383652466857	0.6795649379294989	0.6710991684923414	0.6566245297647965	0.6614587990941602	0.6717210927692937	0.6878766030315283	0.677174690978441	0.6498789610720443	0.66430917088855	0.6718591389843709	0.6748903072178298	0.670859408205772	0.6518519852067126	0.6678717156642342	0.6761338831700122	0.6795244701895766	0.6436413062616613	0.6739707148400101	0.6840895386452444	0.6566704419640643	0.6745264807464826	0.6762047704068138	0.6746389988851618	0.658695923395994	0.6695045798880561	0.6592618664306991	0.6661386005264436	0.6791214506935774	0.6609556123863304	0.6845326589345906	0.6785023240011119	0.6760007014709624	0.6612942182109688	0.6743170573581149	0.6833751431845454	0.6801163927646521	0.6485395978916075	0.6676535226485	0.6754793740722013	0.6768562381721542	0.6768133558415906	0.6776067715671736	0.6778120069887846	0.6645001105529467	0.6756898090657574	0.6694282663482126	0.67153931522954	0.6733678072586113	0.6772851272584208	0.6541007668832111	0.6716865151844631	0.6718381393870686	0.6576834557480524	0.67823791894103	
0.6541231474260255	0.636563713662281	0.6403098807075641	0.668512514749197	0.0	0.6666080787667527	0.6537507688659234	0.64100060863024	0.6564845205622123	0.6370926979290464	0.655909240481991	0.6425715212535299	0.6175683754170771	0.6350512098803701	0.6206603922176235	0.6460069054862583	0.6503872987374917	0.6629346572879848	0.6370374591911524	0.6636946293889318	0.6727082980413484	0.6602471125177376	0.6426202944940684	0.6522505706371107	0.6570027557655416	0.6444928154424567	0.6357329557329947	0.6698611052413737	0.6515020958461666	0.6646124304858848	0.629639360315752	0.6526691032418896	0.6561822213351116	0.617323454465767	0.6717270667823367	0.6366441490467388	0.6694257248035156	0.6708019387148012	0.6797428192726086	0.6661807086349241	0.68043661073272	0.6712062393915676	0.6695299504622438	0.6713688234943084	0.6722561628481413	0.6808812537150506	0.6764742932788584	0.6530297514398309	0.6764314287573769	0.6847787299542791	0.6846121285533191	0.6523080094297841	0.6697637902572079	0.6723984358432783	0.674674906233678	0.6754580498270428	0.6574576036066008	0.6738241909537865	0.6785418694634415	0.6674089937923398	0.6617288258246873	0.6790828547479142	0.6842412920139114	0.6760020891230292	0.675585068333721	0.6701170358916144	0.6727044551793387	0.6743801751700665	0.6743429545941276	0.6788079727328573	0.6630561776093549	0.6700309461626738	0.6771596063995327	0.6787555631532816	0.6717043060961512	0.6694784630380464	0.671495297144991	0.6763028471098274	0.6649675544243252	0.672680471739795	0.6820184747154316	0.6741536264005061	0.6848241985010747	0.6626895206484811	0.6710401410192467	0.6772371479910668	0.654639580690217	0.6614452331438959	0.6780303138115717	0.6681646305073898	0.6552705810095412	0.6744966519331128	0.6449075423857265	0.6712737577456147	0.6655828636809724	0.6614028295102413	0.6489968364483696	0.6706138882637426	
0.6673812810481567	0.6623903182363693	0.655773573588204	0.64105603633582	0.6666080787667527	0.0	0.6557054367626525	0.6641847855729769	0.6613343112612697	0.6628871378148713	0.6550502542748078	0.6653885517587439	0.6637168244461672	0.6629953236738364	0.6561402281543616	0.6633100597722332	0.6711308442497518	0.6625244573272107	0.6523583985266029	0.6517841182755938	0.6512143821732526	0.6666810877577878	0.6612663704364304	0.6657535103718624	0.6523326790714538	0.6513641962081068	0.6556867939590159	0.648716934788035	0.6619156454145367	0.6416217939722006	0.6591207053701664	0.6736616762544464	0.6617250629499853	0.6565366447290888	0.6541093038325024	0.669057473511014	0.6901807552179307	0.6709359881542771	0.6771108372955518	0.674885047962431	0.6866565343925282	0.68676838623057	0.6769443992395032	0.6789134792625637	0.68523896115813	0.6785090802277646	0.6887288012669315	0.6882183423216802	0.6781279499724031	0.6864506392352803	0.6759227906492857	0.669266021318164	0.6709449726888392	0.6745600564345493	0.6927886392239357	0.6669291000119506	0.6768573231239572	0.6857551982407628	0.6819295621478914	0.6750963493772114	0.6935644979044225	0.6775794282322762	0.6873818587382892	0.6791326295035915	0.6752505679211314	0.666493542134575	0.6775211504834571	0.6718069154762729	0.6745543419560307	0.676460724449396	0.6713516666955409	0.6721117294757459	0.6775523309206031	0.6830057801187723	0.6890694546755193	0.6692331937325131	0.6711009211050398	0.685221245294413	0.681289718595891	0.6957925786000538	0.6762436581890484	0.6870508946332687	0.6626348543586575	0.6670933942198694	0.6848299683734912	0.6739797416736448	0.6831923440457983	0.6750701294429404	0.6644452062021595	0.667341605418058	0.674083860367875	0.6795958965405138	0.6803929904546366	0.6803695895382349	0.6629591885215895	0.686120619572983	0.6912202987490069	0.6766259569881857	
0.6612500391848641	0.6594434741087627	0.663666674822156	0.6559796633358981	0.6537507688659234	0.6557054367626525	0.0	0.6772804551706215	0.6611986473001792	0.6631188295167363	0.652136658311931	0.6626811515224279	0.6674547687801349	0.667848876880504	0.6441453455125039	0.6678155238861967	0.679935388799458	0.6457956194595557	0.6591198836162293	0.6509793903048894	0.6425479212079566	0.6538005748299205	0.6578977354835074	0.6611036260520133	0.6697656297101281	0.6678331607811785	0.6632202472278348	0.6544002358469065	0.6631191255807022	0.6653411649260359	0.6728957900362829	0.6525728438112008	0.663094263873929	0.6508135263031267	0.6560672420563088	0.6610565703767987	0.6564562509377407	0.6650225916110863	0.6653424106933157	0.6806554038831547	0.6806698280220033	0.6786505390986506	0.6834875681289218	0.6760624158094419	0.6777333324477293	0.6489684025865634	0.6792829510061864	0.6750298497153795	0.6635891266024224	0.6741205403068917	0.6792311000909874	0.6813061931460214	0.6656462137145839	0.6478799036766114	0.688947685331546	0.6919411471757875	0.6657070734359187	0.6561653030522034	0.6667364930588275	0.6607537535766956	0.6762543643725563	0.6831323928006143	0.6819161213089757	0.6703700382912794	0.6667142293337895	0.6773670909190121	0.6589829069327696	0.6693166686477916	0.6683349395263826	0.640963406840618	0.6757052255169365	0.6717786982965803	0.6697403936914789	0.6817028428678185	0.6809843333652624	0.675033430176514	0.6664344116441872	0.6636602322630156	0.668280635705207	0.6627689108704008	0.667823679049512	0.6808198920124238	0.6602712369000733	0.6865560519264626	0.6695936847944417	0.6633226168129303	0.6688446460607493	0.666971062374381	0.6864654351689026	0.6794416276855015	0.6771230088968899	0.6673058761619606	0.68778358089668	0.651341858524147	0.6793147359249827	0.6787618036682926	0.6766651761124689	0.6697923049184471	
0.6751660297196289	0.6473215636470362	0.6634474352842377	0.664216005574399	0.64100060863024	0.6641847855729769	0.6772804551706215	0.0	0.6632606859577141	0.6436437068529384	0.6659509242407129	0.659154000775951	0.646203341777565	0.6486403625047683	0.6543395906120548	0.659499130592367	0.6677564566446642	0.6608207164333707	0.6424706104573064	0.6654993243908063	0.6654919294863297	0.6731159846720105	0.6391403551905377	0.6784965828540993	0.6710193444802125	0.6320156642936503	0.6469544882687719	0.6652784075877345	0.6794231276892648	0.6796607133647028	0.6534380465643389	0.6697811683233776	0.660785765259609	0.6503621571739249	0.6565856346748387	0.6629317062990421	0.6506552476130516	0.6834978925026147	0.6755732420962279	0.6641905175622366	0.6764636424159788	0.6807202276076184	0.6707485266591364	0.6846526434444158	0.6674341729773925	0.6658892610468401	0.6751784972284035	0.6379723669192732	0.670633994077392	0.6859416115868364	0.6770605985150631	0.6744984006006935	0.668725970998773	0.6582253795590678	0.6760054652630882	0.6720531514385153	0.6704327189800849	0.6565477815078602	0.6560102207546181	0.6638771754962287	0.6622716075588354	0.6639765051484463	0.6727271367444285	0.6719948077545634	0.6694867652819204	0.6846539802672965	0.6757260943936769	0.6716561646549317	0.6825335678938175	0.6796725166635407	0.6658471435641222	0.6775240196937837	0.6805188317158821	0.6651781616584402	0.6648233151639938	0.6839532289528025	0.6773059037448024	0.6683992856012333	0.6770474553274055	0.6784195981479282	0.6734324112629619	0.6707802765111197	0.6722690251998305	0.658805170344784	0.669811142600408	0.6664284257978904	0.6820267052425881	0.6800328192894949	0.658560049388337	0.6684932843547067	0.669615358470492	0.6612827124659653	0.6771961324725071	0.6658137635039436	0.6852236082575269	0.6776611817329957	0.6649224087711769	0.6483875717451701	
0.6593842568208914	0.6523217633884093	0.6517608723764208	0.6283876264682078	0.6564845205622123	0.6613343112612697	0.6611986473001792	0.6632606859577141	0.0	0.6588096580415057	0.6580508822911034	0.6565498570957939	0.6445231733069157	0.6540147359895003	0.6390266658612171	0.6672165354593409	0.6552292507384501	0.659016992856108	0.6581574528059988	0.6608217933368903	0.6597224193374197	0.6426908213310711	0.6618300931573999	0.6512367817156917	0.6572546440650204	0.6532676261657542	0.6591246513705584	0.662176327567322	0.6510277918645854	0.6752062771412553	0.6511432234748484	0.6670956988284531	0.6504704805108366	0.6486051303122804	0.6017472629448104	0.6590160907115912	0.6881567854401283	0.6879477197817578	0.6740560072992023	0.6785505261156136	0.660144059125118	0.6911958656752868	0.6712049386312601	0.6671914197859768	0.6814758583119129	0.68010875153665	0.6791922794941325	0.662532178543535	0.6849435486778979	0.6710036075005494	0.6685436262274678	0.6733810574483092	0.6769635275232191	0.6635866828876622	0.6672303934314845	0.6659458256585027	0.6836005153501288	0.6829308861012495	0.6712383857773201	0.6731387520472053	0.6583084995406119	0.6797534527412243	0.6819056074759116	0.6745409130379857	0.6773909689511215	0.6817058079231215	0.6658761798641204	0.6820444307115507	0.6750012142938211	0.6853820505868403	0.68274285125241	0.6733017693521293	0.6862601827518993	0.678267583400278	0.6809441283385791	0.6804424628610396	0.6846403338024831	0.6701880852086	0.6778559778574882	0.672822847259508	0.6806260940086142	0.6651333707298286	0.6818090675753037	0.6649618176938409	0.6768990669461322	0.6910216872343573	0.690233529339684	0.6875314636704373	0.6776013382485484	0.6752945523070117	0.6624683634971948	0.6733812113951037	0.6677913201075165	0.6844621392811028	0.6756432034533202	0.6705104841991394	0.6768326431901768	0.6729878515939287	
0.6712627525663553	0.629306845330026	0.6732945079301238	0.6505729461193492	0.6370926979290464	0.6628871378148713	0.6631188295167363	0.6436437068529384	0.6588096580415057	0.0	0.6392613152005396	0.6639811382931822	0.6216423329145856	0.6465764352665493	0.6348799148765707	0.643675085517931	0.6450287550369762	0.6555666357000096	0.6492190453298781	0.6700378148947493	0.659692787798732	0.6631656666108168	0.6301521526286038	0.6745904846766511	0.6505047770147874	0.6473425440609928	0.6472147009159468	0.6621254753858976	0.6470288823040025	0.6630988388590005	0.6587048077964981	0.6609823504164383	0.6603102972090947	0.6460549350496065	0.6499170612634881	0.6328772403691771	0.673635324634585	0.6592071286477601	0.667393592975551	0.6825045076818441	0.6589912760376084	0.6883390202268923	0.6737890572738319	0.6867579549825416	0.6751984285763535	0.6635336962251401	0.6771731627149506	0.6756100609684049	0.6628188670999303	0.6690109890038052	0.6630595938024955	0.6677378606066897	0.6667980467000829	0.6687849428079369	0.6801758123376387	0.6660105396904663	0.6658614732489321	0.6664787670485759	0.6630404278371735	0.6757402410055244	0.6661660195878589	0.662153230097992	0.6887444120334149	0.6648423109964107	0.6833328652162018	0.6566795876168802	0.669345136250609	0.6690909529128712	0.6739687286144483	0.6731381888110932	0.6703731675292146	0.6874548056172178	0.6511298619155599	0.6618244064018435	0.6701458757858436	0.6768676573838089	0.6518799207886486	0.6732934875976719	0.6731311868215659	0.6719960609149687	0.6764106634970436	0.6650425418964709	0.6685427040126434	0.6687240515967927	0.6731086537634265	0.6722953423697628	0.6941544600471727	0.6747162257729726	0.6703262957337097	0.6607161438884088	0.6814731708164781	0.6746282236389385	0.67200449148933	0.6550109458023804	0.6795799621197057	0.6637621704670512	0.6692572458951166	0.6662105620168675	
0.6555794003402995	0.6658944762196009	0.6690679668330755	0.653470309534883	0.655909240481991	0.6550502542748078	0.652136658311931	0.6659509242407129	0.6580508822911034	0.6392613152005396	0.0	0.6752566384219598	0.6707018148499807	0.643214760847485	0.6448809545067502	0.6596533456784721	0.6673938078892079	0.6576659559077045	0.6674167628482612	0.6510610086107078	0.6645576368012208	0.6541358328694712	0.6578925147879876	0.6518166780548775	0.6272896624970998	0.6524221450457914	0.6520350563219695	0.6597352315742526	0.6644555999935434	0.6513959481953688	0.6542720007340537	0.6607642309054813	0.659454399657328	0.663619771365717	0.6634101059479441	0.6585834090715508	0.6825760115941601	0.679016903865246	0.6633104481934927	0.6658702338350844	0.6792217082485462	0.6865265253588069	0.6777089789294048	0.6595888051192844	0.6872096174700537	0.6682867531027012	0.6794283106569712	0.6849865596708691	0.6737928809729465	0.6770046804995111	0.6804837570995336	0.6763715389583685	0.6862427002950586	0.6647547347384648	0.6733426329316852	0.6684992728419806	0.6715569139820063	0.6684229844912184	0.6691354510378106	0.6753917551605015	0.6735227848720915	0.6659421669663381	0.670198160608053	0.6641646287324892	0.6723426519584923	0.6569178003570619	0.689796554388082	0.6454670487047611	0.67310088863428	0.6695309671892276	0.6819269916896196	0.6684598364609362	0.677812922379172	0.683982344649871	0.687565678632816	0.6763709480438573	0.6787903069690022	0.6780935492513236	0.6607934759614296	0.6680592876354845	0.6774954567792504	0.6800735167202974	0.6487216706609223	0.6692971799371096	0.6587789551412494	0.6653718652293295	0.6617652751268269	0.6797587781122514	0.676282075347316	0.6572177675810688	0.6724293109105335	0.6670615167787703	0.695912461615041	0.6706403516206267	0.6774673697933755	0.6688504142915122	0.6819500989650129	0.6778935961400965	
0.6724917764201308	0.6653646701638145	0.666876824212348	0.6636373776746218	0.6425715212535299	0.6653885517587439	0.6626811515224279	0.659154000775951	0.6565498570957939	0.6639811382931822	0.6752566384219598	0.0	0.658265842147676	0.6672079794881083	0.6598756620032242	0.6680644890220248	0.6733819553910774	0.6589598243628765	0.6240779431162136	0.6667325377437368	0.6694177350074915	0.6603817320962491	0.661258731707652	0.6590067902070241	0.6631274379879677	0.6661051458813417	0.6463751126742618	0.662292060920115	0.6556788457168683	0.6654721868110889	0.6750948426681611	0.6466651097472691	0.6426639148263857	0.6640751273883241	0.6610694143968414	0.656217066660886	0.6882872181900926	0.6753349120017591	0.6802588453257609	0.6774233083324157	0.6724315703675581	0.6855363181095009	0.6814127757701556	0.6753075422524331	0.6407373923051204	0.6694904487963641	0.6617419912162079	0.6761274082802425	0.6645905089542414	0.6717332480115012	0.6636172600358533	0.6581403053355108	0.6714558928229941	0.6662514379835183	0.6289029772607595	0.6681603883790462	0.6790037126579532	0.6689435498741327	0.6696975125647265	0.6458639101003681	0.6648379917654549	0.672991901096869	0.6799413713421689	0.6775972850763401	0.6529811452670016	0.6683977596367192	0.679939438840136	0.6767877102242036	0.6833837667916338	0.6782537104365475	0.6669324588429	0.6726104057741806	0.6614679696403379	0.6899876710212941	0.6665611853869631	0.6712698666148416	0.6731057722169055	0.6886591915464606	0.6807589319850849	0.6895573924637197	0.6815820363445727	0.6818898336053066	0.6591309805868721	0.6669259615706339	0.6805938059634773	0.680521588458546	0.6758352249350705	0.6879136484993915	0.6620997453587345	0.6717652786152684	0.6715414699132702	0.6576482471542261	0.6752443507053332	0.6811361252560243	0.6671203689056722	0.6739284086511959	0.6730952064932341	0.6621423712468516	
0.6579956603905159	0.6222713625625459	0.6573959931897464	0.6739554977812332	0.6175683754170771	0.6637168244461672	0.6674547687801349	0.646203341777565	0.6445231733069157	0.6216423329145856	0.6707018148499807	0.658265842147676	0.0	0.6412631535276991	0.633080979094641	0.6244429930874391	0.630654001962802	0.6631556331233193	0.6485705975955054	0.6687854014210852	0.6785019113623908	0.6527672947001637	0.6407226034270976	0.6509381391977385	0.6682503006074281	0.6257664851239855	0.6310597064858529	0.6605583637890693	0.6501928410933703	0.6784971400899958	0.6220380125154947	0.6611098689538049	0.6631221246209613	0.6396157094047075	0.6542545445363595	0.6434616500889456	0.6804833536874164	0.6793105788207712	0.6737813209065147	0.6692417491243053	0.6748967768343119	0.6704300918107121	0.6843414647071585	0.6618060936601655	0.6418102084941754	0.6741780815690885	0.6757494967273046	0.6928141756040513	0.6685239888585514	0.6662124518936844	0.6776869614749093	0.6713562030608853	0.6604947780208368	0.6613321996032876	0.6755724352052945	0.6674899051538774	0.6720040033455871	0.6679565057333645	0.6640688560172713	0.6669556335982868	0.641232328186766	0.6605759945144101	0.6722484253972326	0.6563282596240703	0.6741338360589416	0.6867525653586022	0.6764980928671742	0.682855130014509	0.6663784753353015	0.660300180222565	0.6753443045684437	0.6773508012971183	0.6847008315745907	0.6580414047263257	0.6745123048787237	0.6846375108155149	0.6788208262123148	0.6757061448234571	0.6884128994448842	0.6758960594581552	0.6754651925043619	0.6409402321868527	0.6726382898877977	0.6702927022253853	0.6591643756206382	0.6653322896394248	0.6790324339858376	0.6733260210790486	0.6740687472486981	0.6750169239424915	0.6886495102933521	0.6724907643215021	0.6606099893663393	0.5563339469907127	0.6702359940405664	0.6607136891710437	0.6806104903686407	0.6621311385848145	
0.6686213876643328	0.6361415282771044	0.6616499859261968	0.6626444550049602	0.6350512098803701	0.6629953236738364	0.667848876880504	0.6486403625047683	0.6540147359895003	0.6465764352665493	0.643214760847485	0.6672079794881083	0.6412631535276991	0.0	0.6421474529027542	0.637768457677651	0.6270577666218641	0.6566233138443442	0.642970005782141	0.6542133535899799	0.6589320293844125	0.6625995331005371	0.6467186058915817	0.6612188612709669	0.6530056484671731	0.6314695481899568	0.645295777304858	0.6580691928081521	0.6421281217109558	0.6574424624366489	0.6530585069540839	0.657388936476628	0.6404644813715308	0.6423543601964731	0.6603160126973622	0.6545369157857416	0.6828416988857415	0.6690821198364888	0.6810064466828638	0.6804682355159003	0.674286485111794	0.6797252061773167	0.6775935431208902	0.6730646920084447	0.6652144062071611	0.6739654309683745	0.6779296987709975	0.6721150278406407	0.6709313006651201	0.6740439745107595	0.6649270716555391	0.6637032451636167	0.6731660550408898	0.6723222230319686	0.6815245987111399	0.6674420557058172	0.6776108166648156	0.6804332676623125	0.6694616974098828	0.6691062820812845	0.6806372480244207	0.6720239232618263	0.671855045452816	0.6681189834298908	0.6625038849296097	0.6699142746313028	0.6719455204275742	0.6739724466080782	0.669946809166005	0.6693895576363954	0.658063569152184	0.6845631310548127	0.6674026371600887	0.6404159935789069	0.6794099710566505	0.6700612797496934	0.6750955560058185	0.687136729804844	0.6746620576181919	0.67821442002943	0.6596947625978804	0.676094993577081	0.6714481293966759	0.6537804560914185	0.667221016600046	0.6775023878469628	0.6623595245262647	0.6686321569601332	0.6746847685388881	0.6593554253798437	0.667125351283987	0.6787150300320134	0.6709947114568762	0.6667167048806641	0.6603852806840551	0.6862521595666043	0.6866508073682351	0.6817257640658962	
0.6494843991698811	0.6259181412432124	0.6527806846840886	0.6542147732951122	0.6206603922176235	0.6561402281543616	0.6441453455125039	0.6543395906120548	0.6390266658612171	0.6348799148765707	0.6448809545067502	0.6598756620032242	0.633080979094641	0.6421474529027542	0.0	0.6491818043484238	0.6382314305767027	0.6562898686566726	0.6382345177693795	0.6631988284857431	0.6603567922530842	0.654459422484309	0.6386118098443303	0.6555131071343292	0.6509549767379941	0.6458946651548598	0.6358250922260786	0.6479681277200338	0.6650827813052478	0.6615187692724009	0.6376123859473299	0.6421032606858977	0.6376239544972514	0.6063569188496302	0.6321757744316955	0.6492491225811772	0.6687391480773781	0.6722862201413	0.6630449659110461	0.6800830500336743	0.6660738233487286	0.6800364832532493	0.6663553808264115	0.6687033833354697	0.6827715564328292	0.6763749872018209	0.6754156199301085	0.6641412698801961	0.6497792128770568	0.6754795096225812	0.6822794421452234	0.6785981580880922	0.6777782746045184	0.6719687313643021	0.6804468738419596	0.6662195942201594	0.6632933549848761	0.6620935569894566	0.6688531024425435	0.6521696204442822	0.6679625696989218	0.6643828684959058	0.6754700803885333	0.6608687747842497	0.6708069597869843	0.6720837181365318	0.6610010525618868	0.6594854702229851	0.6689833404123651	0.6672779519596428	0.6819051338527005	0.6691906461908987	0.660710806315723	0.6646417508077742	0.6805147655447403	0.6754619315486698	0.6650608004114404	0.6734917737781794	0.6694263951770518	0.679374912258772	0.6455595935891904	0.6790880196789086	0.6739841091201693	0.6648203870590701	0.6595501383629382	0.6506739417164056	0.6732923499830181	0.6636422817145681	0.6754581179061286	0.6634708730355658	0.6623838751667472	0.6658102293954482	0.6631766470871274	0.6653078782595043	0.6678443001165337	0.6678859276744102	0.6706614762442297	0.6381607906158817	
0.6648142781748231	0.6302096169494651	0.6638065627875123	0.646109635503971	0.6460069054862583	0.6633100597722332	0.6678155238861967	0.659499130592367	0.6672165354593409	0.643675085517931	0.6596533456784721	0.6680644890220248	0.6244429930874391	0.637768457677651	0.6491818043484238	0.0	0.6452631616008113	0.6587128956899657	0.647039811590506	0.6725547508161539	0.6701865393714903	0.6637798798108947	0.6387365974865051	0.6742285381720523	0.6646082202215438	0.6530424920399165	0.6416914791639179	0.6636246307807128	0.6733257000263871	0.6731257769061028	0.6393036520570761	0.6750786743247572	0.6563342288415979	0.6392481522458721	0.6380851669508569	0.6591125248893521	0.687624689017805	0.6746901167727555	0.670686010602614	0.6849304413329844	0.6762556785236657	0.6762019497502443	0.6689351675720525	0.6700151834068235	0.6736384819071397	0.6718583462127926	0.6535839149761546	0.6707229533853667	0.6494246860542741	0.675229374945042	0.6650405120416554	0.6795523636838632	0.6552956567403725	0.67457923349427	0.6877352224588718	0.6716304252716905	0.6792212689167498	0.6713831015220243	0.6709453811870527	0.6725697465431191	0.6750638364264149	0.6805873599338056	0.6777721232324778	0.6615245330432961	0.6751060554059867	0.6651809473075845	0.6703614768387396	0.6592388351283842	0.6708729773332652	0.6749541435798903	0.6793689624094752	0.670829370452867	0.6806391495158224	0.6714344228848483	0.6768493983112907	0.6664810735627075	0.6665989798741556	0.6731596859087241	0.671081221043871	0.6703191672404628	0.6570949810924542	0.6652529770121094	0.6574864615871807	0.6892359515229034	0.6786046763539876	0.667398039622952	0.658108951829335	0.6574699528549377	0.6780406308252891	0.6629935563499199	0.6795916432986338	0.6686002167426666	0.6840346242615067	0.6832722611557385	0.6539180009934533	0.6598058288708966	0.6743810783071784	0.6741139145068691	
0.6698588008120039	0.6152235032412421	0.6689216712916248	0.6462398933273393	0.6503872987374917	0.6711308442497518	0.679935388799458	0.6677564566446642	0.6552292507384501	0.6450287550369762	0.6673938078892079	0.6733819553910774	0.630654001962802	0.6270577666218641	0.6382314305767027	0.6452631616008113	0.0	0.6660905322033466	0.65788280445505	0.6826116643046816	0.6637362107133945	0.6729817295964691	0.6571676722547063	0.6739844910258828	0.6539068256312384	0.6405340529823873	0.6264636022833323	0.6551992451221229	0.656678535561376	0.677428902996333	0.6369199544263702	0.6287018772282342	0.6574083816052019	0.6385088380433024	0.661613251106212	0.6563841829268542	0.6811330045839008	0.6720795612191943	0.6661658336074786	0.6801810836959856	0.6682153425994415	0.6875079408841094	0.6657640706666201	0.6761762836018114	0.6476651508443927	0.6817998879069812	0.6458350270327439	0.6908685109047517	0.6683799126148446	0.6674314122605389	0.6725234087907541	0.6768405863627889	0.6701522182878703	0.6520770475474478	0.6868898338653525	0.679022766209652	0.6690476125218743	0.6802633873256827	0.6832728448700661	0.6733910500141675	0.6724019157866259	0.6863744280190656	0.6684878919256303	0.6592134045866435	0.6837343003229176	0.6643199071271024	0.6787811290890671	0.6752156105397829	0.676149264621809	0.6718169290230909	0.6687153646828441	0.6669178631738112	0.6661946737847098	0.6574615140295806	0.6816070699672608	0.6824156097445331	0.6756773870850684	0.6750237229205986	0.6710652387839684	0.6761950240148678	0.6651087188221934	0.6784426178293266	0.6613952869344832	0.6875061400045519	0.674112727197453	0.68227641994386	0.679436669506376	0.6609193123971628	0.6756176428446554	0.6674454891487067	0.675516819781079	0.6727953391421119	0.6698375566941027	0.6783718551983717	0.6753427021461342	0.6791294846411333	0.65818300487873	0.6919841605356384	
0.6711171026006282	0.6541262449725297	0.6539531976892012	0.6567250985726021	0.6629346572879848	0.6625244573272107	0.6457956194595557	0.6608207164333707	0.659016992856108	0.6555666357000096	0.6576659559077045	0.6589598243628765	0.6631556331233193	0.6566233138443442	0.6562898686566726	0.6587128956899657	0.6660905322033466	0.0	0.6506680181656236	0.6560528634861041	0.6476954764355884	0.6533594316292639	0.6596823850960677	0.6664613552769943	0.6686872511058193	0.6499638569106693	0.6454357533568003	0.6607267020934237	0.6534924879989191	0.6510636641549845	0.6726532787896727	0.6652814276737357	0.6383326750815943	0.6419959132023938	0.6500024390265615	0.6543504178047161	0.6628430506794887	0.6596657631314974	0.6703355602861545	0.6602041466873358	0.6808823683789645	0.6738995659286793	0.6820667046575497	0.6761389619437586	0.6635595719528921	0.6494930258428598	0.6764400765001386	0.6902463477379079	0.6567870807217702	0.6709230756289051	0.6669549515537553	0.6804791875583305	0.6594655010480337	0.6565711822185993	0.6734067329942577	0.6726801831340067	0.6629705138494477	0.6677148767187515	0.6420522483946132	0.6681588007636292	0.6706424814634067	0.684932377907094	0.6722458937517155	0.6482528838953812	0.6747309197308144	0.6691716221605297	0.6761219999828436	0.6585239782612617	0.6617469327191037	0.6713008257723881	0.6498198654497929	0.6635769713966029	0.6552239271181269	0.6523792076753101	0.6708093276883922	0.6766489263087854	0.6584427594617164	0.6752769769752713	0.6483911655261134	0.6569401550564659	0.6550805218472566	0.6749198567537901	0.670628041825831	0.6681585822150067	0.6607001855356336	0.6669498497073412	0.6606539372244717	0.6760387083997095	0.6608953218042692	0.6783572190998266	0.6821039707695977	0.6760637270121834	0.67593145294152	0.6603771026130647	0.6829049219847263	0.6708232018314624	0.6768403874669723	0.6481342935970696	
0.6654346632675328	0.6577799832527639	0.6674051844292573	0.6508394650822282	0.6370374591911524	0.6523583985266029	0.6591198836162293	0.6424706104573064	0.6581574528059988	0.6492190453298781	0.6674167628482612	0.6240779431162136	0.6485705975955054	0.642970005782141	0.6382345177693795	0.647039811590506	0.65788280445505	0.6506680181656236	0.0	0.6744334892855361	0.6775007250531726	0.662259749415411	0.6190692127234207	0.6769183564597017	0.6732696739264724	0.6247082103556463	0.6441936501038292	0.6596986999455627	0.6554373342812672	0.6795470827377895	0.6393579978781125	0.6606730414126685	0.6616784591969923	0.6522356691836834	0.6657741162923658	0.6290794462098828	0.6783080684151638	0.6776802824878795	0.6910068672640169	0.6764849280924157	0.6627310648898368	0.6743361236765868	0.6696283434217439	0.6638384526760286	0.6485060637103853	0.6526385966902173	0.670360943941428	0.6786955137551994	0.6764576798895341	0.6774703020609609	0.6773074025359467	0.6610840250937695	0.674543164687571	0.6625703653716117	0.6838263292130102	0.6832969772263969	0.6628617573743151	0.6594892989327729	0.6863310572405037	0.662001694893541	0.6618071828973336	0.6775265265034498	0.683974942430402	0.6863129121246985	0.6875901201029042	0.6831444379518729	0.6658749926483879	0.6782040030155636	0.6570664023227153	0.6734304041752106	0.6705354625379373	0.6584844926178683	0.6697089202153412	0.6710700974625133	0.6529086339883033	0.6658164595566307	0.6801291351206736	0.6662037299957349	0.669449186478437	0.6724391031788992	0.6594762776943763	0.6582688071064717	0.6813917696930509	0.6521378681591494	0.6654361984513559	0.6684601508609733	0.6766322998713854	0.6664630938705217	0.6659697191202516	0.66861914141199	0.6643356694150946	0.6617572670969086	0.6709089164241049	0.6730222709886586	0.6415270683941021	0.6693785963490146	0.6651336391482421	0.6594593691074719	
0.6685923626069974	0.6767030145378974	0.6572617524148184	0.6708750946781684	0.6636946293889318	0.6517841182755938	0.6509793903048894	0.6654993243908063	0.6608217933368903	0.6700378148947493	0.6510610086107078	0.6667325377437368	0.6687854014210852	0.6542133535899799	0.6631988284857431	0.6725547508161539	0.6826116643046816	0.6560528634861041	0.6744334892855361	0.0	0.6594492238544759	0.6643344843617693	0.6649988398866752	0.6641479005445121	0.6520963296536906	0.6515868265118072	0.6566837324938238	0.657749911936341	0.6682956847474146	0.6530278329915791	0.6576642053288869	0.6601231713837499	0.6674498814552738	0.6609801513148317	0.6552502745413654	0.6542535337540841	0.6852073577393839	0.6687853197139868	0.673603339654045	0.680170731550777	0.6806067754558711	0.6892487339294224	0.6844072262146534	0.6818394510057233	0.6835831886290746	0.6626144888881984	0.6654671001833778	0.6652530630133571	0.6709969866055886	0.6729807058421853	0.6864867064216587	0.6721304345638256	0.6834006812381181	0.6747709772610536	0.6714316485316993	0.6729596209320164	0.6672000770025581	0.6812234255373963	0.665328857595668	0.6717302111225871	0.6648762335341135	0.6709779316158416	0.6760901338667133	0.674299550279133	0.6568440020442716	0.685933149492362	0.669701909545447	0.6820486634404095	0.6799489960410556	0.6765407081385196	0.664065349272783	0.6723578808220794	0.6586631074425413	0.6737519751911718	0.6530559405507473	0.6724761190600148	0.6868257882745907	0.6684946288779139	0.6746566699860339	0.6661243286782256	0.6762510819115038	0.6780161006366059	0.657935293525562	0.6791323110589075	0.6708216621686206	0.6743232104374194	0.6788347289669333	0.670150674948182	0.6689547543329006	0.6551750779569032	0.6790439258487652	0.680507418333246	0.6654095207532504	0.6796382374344544	0.6796783531084566	0.6702575851873878	0.6761675425456604	0.6647301486181372	
0.6697407619095523	0.6604530440435906	0.6640493804629071	0.6529914106181522	0.6727082980413484	0.6512143821732526	0.6425479212079566	0.6654919294863297	0.6597224193374197	0.659692787798732	0.6645576368012208	0.6694177350074915	0.6785019113623908	0.6589320293844125	0.6603567922530842	0.6701865393714903	0.6637362107133945	0.6476954764355884	0.6775007250531726	0.6594492238544759	0.0	0.6711683050547244	0.6457690810414967	0.6492879786161996	0.6469337914076598	0.6531802966753428	0.6577414665273568	0.6578506967562443	0.6654520578293314	0.6611875648755485	0.6734445948280547	0.6433027342392323	0.6525820329896113	0.6691183350990006	0.6477985952055049	0.6616088795691738	0.6530771457752391	0.6723735022598153	0.6651602382296158	0.6844837732316665	0.6823666291301322	0.6771504428041615	0.6696956321246557	0.6657863297478124	0.6742275807403431	0.6820825378914874	0.682081962563104	0.6714418163427074	0.6670654035544687	0.6795635815533131	0.6853255223214898	0.6672895911346962	0.6818043109284935	0.5830811733141577	0.6855538090796603	0.6852500596239084	0.6776485470272451	0.6849543553275479	0.672222868392137	0.6909545625371973	0.6775333415997451	0.6578324699942211	0.6679162510833737	0.6694379522250914	0.6794740416643471	0.677456493435267	0.6683062366074417	0.6916589591413225	0.6744804341093503	0.655411461040311	0.6647467901541233	0.6644414476317104	0.6752337414055032	0.674933927999722	0.6756835217438608	0.677637115466765	0.6678609764751555	0.670850092456166	0.6677950351283242	0.6793041460161869	0.6617343499305697	0.6765922760230907	0.6665976511142431	0.678192474602432	0.6765274336411368	0.6691067628609043	0.6770942618008188	0.675019886106182	0.6739511633676083	0.6704457524416689	0.6477403351141243	0.6806998973629408	0.6829592610651946	0.6855605549141548	0.6777975095602159	0.6681570708973237	0.6929711542604304	0.6832941573755449	
