#CEU
0.0	0.6578116487454384	0.6725583913012726	0.6547616620836849	0.6634842705051366	0.6667593257589262	0.6737978817448786	0.6568310895499813	0.6842984653876822	0.6631009756607444	0.6601265029938801	0.6675860439023747	0.6665273985063898	0.6634479829701201	0.664367228330282	0.6665013186909687	0.6554972349604864	0.6652541659577336	0.664946846498319	0.6605023850661085	0.6786796222531379	0.6670116810719784	0.6706365004020673	0.6736150377584886	0.6511811910532055	0.6734535625947762	0.6770232278141255	0.6752706959334729	0.6648635921165222	0.684659768786287	0.6818837074875517	0.6738797462521322	0.6734910072038408	0.6630657202842551	0.6833723152509881	0.6690544403988601	0.6540661282137161	0.6547447089105305	0.660671606025577	0.6848681103312386	0.6646128387479909	0.6801012901278168	0.6721688446045639	0.6745747245865881	0.6666835495717258	0.6534575556770033	0.6539276198952854	0.6596571910923791	0.6683349040057973	0.6698309862101921	0.6775895428415291	0.6599470140776906	0.6765255785825318	0.6700598567581983	0.655024839128297	0.6551125630734378	0.6587637779295141	0.6730127089438314	0.6692278310603582	0.6628384608346443	0.6760353623776917	0.6775180112101206	0.6636131727064428	0.6684998672928304	0.6595296911545498	0.6719952877695035	0.6828523328897749	0.658738671944945	0.6603117960670607	0.6719828603865636	0.6650579532545852	0.66378639361439	0.676858250368242	0.6785829513536964	0.6742902635361705	0.6626697158144677	0.6687069947800846	0.6562576504190241	0.6541231985949083	0.6569773650339901	0.6711156568573704	0.6678403191517617	0.6888886202185376	0.6526398819075188	0.662826658862586	
0.6578116487454384	0.0	0.6690287678474902	0.6603082040324824	0.684530038712468	0.6745475030887127	0.6735838928068956	0.6787637344341227	0.6701418141310311	0.6672388145903775	0.6756974415473637	0.6709129571186854	0.6639257286374707	0.6640240554879075	0.6699299761648594	0.6832057483984544	0.6602342556700243	0.6784015937999575	0.6776677362698045	0.6744748773741822	0.6593234665531726	0.6609937112403467	0.652078177825324	0.6640058506052322	0.6557061972640625	0.6635124325855767	0.6757221121539347	0.6842337865359618	0.6691886668225318	0.6867906793714607	0.6660929153304036	0.6691726473482447	0.6779125494975657	0.6793690507734809	0.6925258848820888	0.6601761177199058	0.6610144691925552	0.6676127199355832	0.6948694081566638	0.6781638155327022	0.6706288352005868	0.6523211373344799	0.6670132905007516	0.6701243957252714	0.67507983810628	0.6713199099981513	0.6777141521984917	0.6573730650432532	0.6434687567061872	0.665641950441858	0.6749469930029212	0.668059024954893	0.6582143656458823	0.6660121785387384	0.6746785023496626	0.6512338832752596	0.6595515920345756	0.6822520575311428	0.6772730924201159	0.663370045296459	0.6719617130009724	0.6819256660937478	0.6484119700436146	0.6694046360747524	0.6564511155340889	0.6645691962530214	0.6743482116860315	0.6895643815700734	0.6778740293265518	0.6663173166198011	0.6710085137715726	0.6728576921585213	0.6660204119383346	0.681461432977687	0.6765185458849208	0.6619005013732805	0.6797976642970678	0.6639826561244048	0.6710025393603927	0.6571615541514383	0.6749728642373711	0.6824098316381282	0.6757664773950749	0.6711429803746903	0.6664527765600914	
0.6725583913012726	0.6690287678474902	0.0	0.6609133020486073	0.6722045307035693	0.6700432595027923	0.6715209777198874	0.6725716884866846	0.6852092668411857	0.6544879135612163	0.6624137385062725	0.6783086305124674	0.6746747283865049	0.671646888248131	0.6745848314571482	0.6722498114829482	0.66283519670243	0.6592459190033415	0.6315091879047934	0.6737824396120925	0.6656269820598433	0.651507667715602	0.6541071825682951	0.6705984019829208	0.6487187157321432	0.6668464746430984	0.6691328973484273	0.6806973731270676	0.668420548429002	0.6733230231457401	0.6814593667430066	0.6876097429820791	0.6688958114020486	0.6783311221265399	0.6759896437053711	0.674522273764947	0.6769757329016404	0.6699638246145001	0.6723105400523817	0.6675636821946	0.5971097853319571	0.6694626670520786	0.6844669644377217	0.6538510910111683	0.6560713483013686	0.6726364385552132	0.6718484705511172	0.6674534749213762	0.6708433932945255	0.6710578197962702	0.661741245447663	0.6597871634473305	0.6443334236695082	0.6423360773634164	0.6649940234751022	0.675957924960478	0.6560725254482438	0.6564335253171468	0.6801125090555784	0.6646766346462198	0.6611714096320311	0.6744524677854926	0.6686142933403214	0.6810043087354588	0.6756835416451596	0.676422789375221	0.6580109766913194	0.6770272820998628	0.6678419241443183	0.6614768437608187	0.6738257856484448	0.6809366383452384	0.6864304338160656	0.676669209512831	0.6733640110546939	0.6584924932652207	0.6663105203094609	0.6501481695023144	0.6726037351326282	0.6749376084411532	0.663907922779138	0.6889051324942981	0.6957540998586982	0.6639269999180696	0.6750569476696271	
0.6547616620836849	0.6603082040324824	0.6609133020486073	0.0	0.6708642550063633	0.6678707610296212	0.6667858732349442	0.667039919123717	0.6848507708049005	0.6615976632004578	0.6775362855683073	0.6650426503894467	0.6796476710292894	0.6717485546402111	0.6825634436229546	0.6894445158905993	0.6631608093684316	0.6421209503099913	0.6706016833529487	0.6675394568659052	0.673263465251104	0.6649500647779694	0.6791595890348829	0.671352249719376	0.6700933049580439	0.655877585392844	0.6750515899590723	0.6913018439938038	0.6772056090354757	0.6702685250792824	0.6780751622746204	0.6865893922901339	0.6745162807943821	0.6658700272730937	0.6762883724868084	0.6706779246360766	0.6812598924392819	0.6588526948721452	0.6647515010749244	0.6734681839906993	0.6643805730032037	0.664817120275834	0.6798725888640095	0.6492238859997289	0.6646393009923228	0.6566079170410934	0.6737744532778183	0.6634399588394468	0.6626738241096322	0.6718947835976959	0.6746739612102652	0.6798428402541463	0.6477361961629333	0.649457799754591	0.652248579371427	0.663106957594725	0.667233298478255	0.6490267180095564	0.6588855496474366	0.6732831380874238	0.6586488273292084	0.6713357937353357	0.6650786774542562	0.6501220907807809	0.6705704924929197	0.6689629275299094	0.6692241068102553	0.6805575125564483	0.6632432284449801	0.6722524066416501	0.6586677547907833	0.6715020928744119	0.6682180611201022	0.6791785008443709	0.6765509426342607	0.669665407360066	0.665064047572232	0.6610559127727611	0.6771542187361184	0.679326139982942	0.6589675168245613	0.6889197158711033	0.682142838438861	0.6770041766549928	0.6559348907548845	
0.6634842705051366	0.684530038712468	0.6722045307035693	0.6708642550063633	0.0	0.6800374417660764	0.6745700285235205	0.6704592795345347	0.6449937769941037	0.6693567975685681	0.6389726837552336	0.6707324991739619	0.6617087626800793	0.6627936535792476	0.6632586822247977	0.6558475314141426	0.6787912822365185	0.6633873809506842	0.6787021888556874	0.6835906902809843	0.6732955089720998	0.6790423707630644	0.6582524378052309	0.6640546796511652	0.6645358413272492	0.674640856179699	0.6634264787164561	0.6575717816490054	0.657856185637213	0.6588618438222834	0.6568960107265374	0.6505402236946104	0.6456467045226788	0.6562493520938766	0.6609603399089011	0.6808839896795655	0.6666271939049291	0.6728554096945931	0.6572345650897967	0.6526541101685052	0.6580918824314123	0.6912217786922719	0.6863784806409865	0.6742480136139897	0.6661363413196165	0.677042477022158	0.6844767222538249	0.6773948339941198	0.6649780237340142	0.7000644133337484	0.6767291798575136	0.6734810719378485	0.6814524341368839	0.6872559610588392	0.6850539943658982	0.6876529325596208	0.6790455166246223	0.681650064874936	0.6645570807189836	0.6845648833690203	0.6775986656249802	0.6843053155835528	0.6730200973337181	0.675810362651244	0.686039437367483	0.66934705292035	0.6752130107590195	0.6813980147727112	0.6700903157322773	0.6810158187864881	0.6745211356429086	0.6668053280892159	0.6498759489402621	0.6665960461949135	0.6806549725162041	0.6771682587788819	0.6820607148846193	0.6794046205291124	0.6755166327136387	0.6680872383548306	0.6633995388245852	0.6650605716373788	0.6709609842583115	0.6763309249942233	0.6903681084245652	
0.6667593257589262	0.6745475030887127	0.6700432595027923	0.6678707610296212	0.6800374417660764	0.0	0.6784344137450633	0.6663846831086914	0.6775530170985087	0.6536376220887097	0.6675400554955979	0.6729735254760398	0.6662225335758848	0.67332776522669	0.678374023448606	0.6894021759821936	0.6540382935678495	0.6631073487933908	0.6729562879723209	0.6583503908613686	0.6577218858187897	0.6543457452423473	0.6699400215757784	0.6486184817353042	0.6679568583982045	0.6421647253345119	0.6709346175659796	0.6792479213556015	0.6647188476683401	0.6826458738084286	0.683877091870996	0.6855518660125781	0.6751634104529318	0.6652931337939572	0.6804873356718394	0.6641684836102171	0.6620786244996899	0.6647248356510056	0.6673116025556656	0.6833180578270539	0.6674404789241377	0.6639939608732381	0.6823046185698911	0.6691465054585445	0.651029733819624	0.6644406130641118	0.6658379937684876	0.6727326345718623	0.6795734338301256	0.6059681830258777	0.6677244212119076	0.652515469724839	0.6521021379397436	0.6588904080407516	0.674492876217036	0.6526113889844899	0.672964651193695	0.6744516001291658	0.6687160053926662	0.6579554167705832	0.6647042444315461	0.6683798392981171	0.6619040393375031	0.6663181320799314	0.6580854862444028	0.6634865467206494	0.662278707223427	0.6639745795130925	0.6570252237118717	0.6559068064162599	0.6722872654112517	0.6519144198470614	0.672983040809675	0.6731025474139702	0.6793767802474546	0.6561757878092035	0.6607421002498115	0.6578927514595416	0.6655365081331077	0.6685991228698009	0.6706940435538884	0.6827839317020951	0.6875986930733424	0.656504475522544	0.6710389148829624	
0.6737978817448786	0.6735838928068956	0.6715209777198874	0.6667858732349442	0.6745700285235205	0.6784344137450633	0.0	0.6497114865198386	0.6683362386832136	0.6679287601453652	0.6685843982077657	0.6704643962777844	0.660920122975867	0.6558292476391314	0.6738594532311044	0.6708945171398286	0.6544771858477778	0.6653693469358712	0.671298018246629	0.6739894600271383	0.6707450737991975	0.6341476815518212	0.6654407862203511	0.6683743256280961	0.6464586039277842	0.667640181549819	0.6842451915383132	0.6784784354987158	0.6659017617618115	0.6928002869301951	0.6771179837549115	0.6763666480302447	0.6674514875071746	0.6725349748754393	0.6614739577092452	0.6609141018300775	0.5907171014149987	0.6741501750190446	0.6765719756814201	0.6651427281205591	0.6704414526406292	0.6819155449503833	0.6551735531150806	0.6780609928244501	0.6516561627999151	0.683188979079947	0.6704589064715315	0.6782910953139067	0.674223300471517	0.6336859678521172	0.6493592570875202	0.6728147274235053	0.6432856457333951	0.6614463965675909	0.6639189244266284	0.6611749356367266	0.660190660570962	0.6688728206519818	0.6848962783669637	0.6620011482725047	0.6610176761173177	0.6679539614245155	0.6694067677426176	0.656078313450011	0.6792459302829615	0.6463475223675648	0.6782925237939843	0.6572073539438366	0.654602522226597	0.6731438460223762	0.6688686301069386	0.6531997500785676	0.6746131525604868	0.6850871252897901	0.6664771503307418	0.6745027381079887	0.6590044528249392	0.6663750907517526	0.6631597619695387	0.6797202471979205	0.6771563189027273	0.6576025096844753	0.6929361459101355	0.6691312345213785	0.6844961285613276	
0.6568310895499813	0.6787637344341227	0.6725716884866846	0.667039919123717	0.6704592795345347	0.6663846831086914	0.6497114865198386	0.0	0.6760115422708176	0.6570597560447927	0.6795739967151895	0.664121344171984	0.6721162054723385	0.6891258087591215	0.6681604207759873	0.6667791276794581	0.6603135578381045	0.6628985004854353	0.659182428814735	0.6762275235418764	0.6653273722275711	0.6581868424069538	0.6675620769200383	0.6715862227275942	0.6670620568318297	0.6695631343480257	0.6735910088782049	0.6789632917618662	0.6881846464852003	0.6814539397657602	0.6585874202255774	0.6883049718780196	0.6598739441565624	0.6615353136093955	0.6697535007526111	0.6714265231709305	0.6638074722975594	0.6713825196077059	0.677067631292095	0.6563360108874969	0.679124404231526	0.6797323092879675	0.6752186281720964	0.6683106978629516	0.6568150076572637	0.6685204254303342	0.6621217981413126	0.6495023381730858	0.6626982887999011	0.665308664449476	0.6602515050658895	0.6760270943768556	0.6738585915138167	0.6714303172485279	0.6762520726205941	0.6595041715662813	0.6698416530855575	0.6754872869522071	0.6725274647234827	0.664654957416952	0.6670641642732378	0.6683303698879959	0.6705802897867768	0.6480310509030609	0.6669853221092048	0.6758156949351092	0.6772098794564219	0.6568717000733619	0.6608433385716467	0.680775086186558	0.6636489294114727	0.6744585348677843	0.669765375225905	0.6676189121158751	0.661094549886071	0.664025544097286	0.6755436096804637	0.6611910800332021	0.6683834449191677	0.6652027593074729	0.6730208967421375	0.679377312492299	0.6909520245977947	0.6537843068945932	0.6537191398111069	
0.6842984653876822	0.6701418141310311	0.6852092668411857	0.6848507708049005	0.6449937769941037	0.6775530170985087	0.6683362386832136	0.6760115422708176	0.0	0.6883319299425055	0.642750825997221	0.6764414425945944	0.6361252849628644	0.6366406331709898	0.6599273959456319	0.6488301711050758	0.6448372082861196	0.6717152356923788	0.6829775831180833	0.667746807158303	0.6826491495412323	0.6670187527030691	0.6740844003343233	0.6747270010840631	0.659072184185775	0.67751419290844	0.655996070365379	0.6706317787522684	0.6625528762464821	0.6667294291419882	0.6583595047022356	0.6751795610882063	0.6603255849055135	0.6625511984558172	0.6564849578868597	0.660839120091854	0.6612013333719602	0.6719143543292629	0.6668073277887907	0.6464252474321047	0.6647882961646892	0.6827613300688273	0.6785754355755207	0.688524992556852	0.6724207568662193	0.669388438155391	0.6778056756883516	0.6745301871782929	0.6663812951884276	0.6794887931574645	0.6681365703624678	0.6803757382186442	0.6699458411553875	0.6590391890207372	0.6573059261246652	0.6806944117773027	0.6630447890947724	0.6776287975735027	0.6754019240073824	0.6699399468428353	0.6687361446175892	0.6443361834568309	0.6780796802932436	0.6666380450603434	0.6847912318959509	0.6743986820527518	0.6823134079358303	0.6810308544140687	0.6610766494336031	0.6712011645759386	0.6775607186165469	0.6910016429897325	0.6619266675209419	0.6621699775243978	0.6773696136414643	0.6762429850077434	0.6540413885831844	0.6882602630108704	0.6847145492898945	0.670739932556301	0.6535027962275733	0.6553468853891677	0.670921427282476	0.6816707045899946	0.6809459175009385	
0.6631009756607444	0.6672388145903775	0.6544879135612163	0.6615976632004578	0.6693567975685681	0.6536376220887097	0.6679287601453652	0.6570597560447927	0.6883319299425055	0.0	0.6647301159365332	0.6581315804745909	0.6796949225273294	0.6878211317646514	0.6697966029346429	0.6885479341250662	0.6704762029756577	0.6628615130824564	0.6587669328241448	0.6579069726489011	0.6595287995661674	0.6541782240837095	0.6659254962170301	0.6567852558013969	0.6549757450531276	0.6601630020491767	0.6700886376483188	0.6795507086751792	0.681656461362624	0.6770361093678343	0.6838722818219065	0.686861973378249	0.6647544604850009	0.6725944507263744	0.6873037658334793	0.6605023362474066	0.6689142586906216	0.663914602827679	0.6752863595607344	0.6751791185712981	0.6711255398325771	0.6643850822362201	0.674903160854073	0.6513725606096973	0.6582880552754681	0.6714679535309747	0.6495588247774899	0.6736452191920633	0.6703682469339899	0.6616639816086543	0.6629261263636922	0.6771684235829216	0.6567661543696812	0.6563458706707974	0.6709104975069571	0.6635096302092696	0.6674651232163921	0.6722186915591417	0.6699995442168858	0.6727125332422319	0.6713640830352974	0.6603302948663	0.6623405354460448	0.667320047907052	0.6644704135215354	0.682210061204407	0.6674875528696247	0.6527146432379559	0.6702702153097095	0.6630761084948678	0.6794168468950386	0.6592848929068948	0.6660516956422953	0.6534122025256098	0.6704157804338662	0.6738018129175591	0.6766220409395725	0.6629389464806859	0.6652876161498614	0.6563713496555261	0.6864892860323871	0.6685001064922594	0.6804051727633001	0.6535478959614588	0.6797297068184169	
0.6601265029938801	0.6756974415473637	0.6624137385062725	0.6775362855683073	0.6389726837552336	0.6675400554955979	0.6685843982077657	0.6795739967151895	0.642750825997221	0.6647301159365332	0.0	0.6635126229793706	0.6444561824897175	0.6475502335713705	0.6550003483318986	0.6692238965625015	0.67469214879891	0.6901208151869549	0.6716003912766081	0.6687973464225176	0.6747513042475144	0.6640476979955098	0.6747185071040738	0.6795697482747296	0.6739504051154792	0.6693585464709637	0.6479522841715297	0.6561426182018206	0.6540743905629889	0.6669265530571923	0.6709405995941882	0.6458497734782402	0.6686550278695513	0.6547348364493815	0.6620781871581363	0.6628480281762186	0.6732975004700075	0.6871948344110332	0.6679982498304919	0.653884916388467	0.6378585363389488	0.6760752612939872	0.6832711714446134	0.6644656517244151	0.6772278210570095	0.6737938433687878	0.6769400649731447	0.6823039091885355	0.6764690156765452	0.6890708044751024	0.6762948217141145	0.6714252385991983	0.6737769467441199	0.6668283314891332	0.6701143281316532	0.669138377299725	0.6673255250377477	0.6817915510235731	0.6586670046840053	0.6665891428781318	0.678610276214763	0.6494274352449261	0.6843981304050168	0.6676013824282516	0.678422259862868	0.6703499632627924	0.6635392410075385	0.6770784908043274	0.6643847973525034	0.67019569517585	0.6711075237466497	0.6762711114761066	0.6555486267481063	0.6763367703561177	0.6536381927999566	0.6624389215552596	0.6580671788471673	0.6750132661138424	0.6720893218254239	0.6622279729608067	0.6477833952962259	0.6569601073491558	0.6510270919103313	0.6771749371025847	0.6769933336729488	
0.6675860439023747	0.6709129571186854	0.6783086305124674	0.6650426503894467	0.6707324991739619	0.6729735254760398	0.6704643962777844	0.664121344171984	0.6764414425945944	0.6581315804745909	0.6635126229793706	0.0	0.6773601860772549	0.6746429637557001	0.6818586305275478	0.6801495598008966	0.6639245655939853	0.6781673867182194	0.66864735323111	0.663473513910791	0.6692532079935	0.6626446736500886	0.6699283853860145	0.6735859366914037	0.6680349448962364	0.6532840437570083	0.6547289126545187	0.6814015175911492	0.6725595558130852	0.6767476358000379	0.6800900636272134	0.6770023574767673	0.6660980370694111	0.6564716144831448	0.6774186780103464	0.6572206230917611	0.6716180641912171	0.6623911097980387	0.68341092196379	0.6471491191889942	0.6618255316940074	0.6800734015910046	0.6677199717635176	0.6639082526447244	0.6743932114413594	0.6616379112338104	0.6734668944954878	0.6745919441396289	0.6700947895813494	0.6622478506454413	0.6737112899348454	0.6787101736064196	0.6662888939525355	0.6707878191804643	0.6684938646615273	0.6651664087574316	0.6607734659051019	0.6774611469629048	0.6716058363263495	0.6762029181589699	0.6721274691974175	0.677127956465928	0.664736180879695	0.6662644701541265	0.6721711830472652	0.6738637632724132	0.6744099831302707	0.6676703072062711	0.6656608853844641	0.6574398867081264	0.6706852024762315	0.6685844408529585	0.6743076018601641	0.6725620383644286	0.6696324457266165	0.6696959923127588	0.6696235502669314	0.669475566895634	0.6635757566462557	0.6651799736740178	0.6762161749193153	0.6816633353554502	0.6881435158420889	0.6598040188362686	0.6800982736785275	
0.6665273985063898	0.6639257286374707	0.6746747283865049	0.6796476710292894	0.6617087626800793	0.6662225335758848	0.660920122975867	0.6721162054723385	0.6361252849628644	0.6796949225273294	0.6444561824897175	0.6773601860772549	0.0	0.6202609466902836	0.6394874845347747	0.6352663440189595	0.6514347502396268	0.6516640442052579	0.6705705794601714	0.6703978600519346	0.6737348312678758	0.6614400953334589	0.690460363395597	0.6727625523503213	0.6635878806724479	0.6689823408698401	0.6543698763401147	0.6610966255002833	0.6489846872909792	0.668111675206701	0.6470550773017079	0.6615632142471177	0.6583552834905868	0.6683226018467405	0.6676280630546949	0.6624934758866445	0.6604779031813728	0.6878045003174503	0.6700734733058742	0.6330230908406709	0.6412857395938212	0.6844287169473772	0.6767307440778503	0.6777278553667766	0.6752528439433922	0.6632626004485761	0.6831215212346375	0.6809603358657581	0.6849442058204045	0.684730600273562	0.6581874092665478	0.6659655610936251	0.681407359218213	0.6618218367722242	0.6547785244604591	0.6709111813610306	0.677940788908129	0.6780622627444683	0.6539351827312014	0.6658715702899183	0.6570445412831907	0.6404617024285253	0.6725641352507276	0.6823886512979604	0.6745043319955083	0.6656487688522901	0.6737557124532108	0.6788875629678226	0.6671877074114136	0.6834642941296065	0.6765172902402738	0.6553800716833609	0.6464014062990815	0.6541541579147383	0.6322017806758984	0.6678880195734869	0.659603634151238	0.6700500860368735	0.6707456582702134	0.6738822543046711	0.6742893677050212	0.6457021957701474	0.688565462176846	0.6802684064156077	0.6858431142821261	
0.6634479829701201	0.6640240554879075	0.671646888248131	0.6717485546402111	0.6627936535792476	0.67332776522669	0.6558292476391314	0.6891258087591215	0.6366406331709898	0.6878211317646514	0.6475502335713705	0.6746429637557001	0.6202609466902836	0.0	0.6324234040147603	0.633710323804439	0.6508820617000106	0.6701496591602363	0.6607576689471312	0.6651323246569598	0.6753993923561049	0.6574811879600155	0.6696151973417326	0.6841692501023082	0.6487168303169988	0.667834134934139	0.6500496744750658	0.6640087673206806	0.6614766177595717	0.6457926225405395	0.6294382503761056	0.6643549961260309	0.647918709818798	0.6414682760723329	0.6642837231426614	0.6599411422602057	0.6380650164816501	0.6618652160884644	0.6677565348571574	0.6456992335174095	0.618092275375488	0.668521344597589	0.6662963091414904	0.6752929881465759	0.6660501387186297	0.6686151581383841	0.6699980894806503	0.6722186223275772	0.6657690335145418	0.6814958320684363	0.6531597278922824	0.6829496236004018	0.6658523931983291	0.6434447971543256	0.6414293132942228	0.6674873748760259	0.666790536768826	0.680872741838259	0.6594217280571357	0.6723453832127935	0.6653555074930211	0.6588962770510847	0.6603961621514425	0.6698910597437113	0.6628446550924294	0.657631853412449	0.6715610542928049	0.6844807146315679	0.6564797567099624	0.660189824411342	0.6794396877982442	0.6607997743141876	0.6287019128300033	0.6446729979539534	0.6418905446300898	0.6751983818509082	0.6625230780591072	0.6690845240747587	0.6751127075759342	0.67145419715561	0.6730002260201859	0.6336873458670815	0.6745072987843481	0.6815385261407105	0.6863188548333402	
0.664367228330282	0.6699299761648594	0.6745848314571482	0.6825634436229546	0.6632586822247977	0.678374023448606	0.6738594532311044	0.6681604207759873	0.6599273959456319	0.6697966029346429	0.6550003483318986	0.6818586305275478	0.6394874845347747	0.6324234040147603	0.0	0.6279795862324056	0.6527912944848635	0.6620449998643945	0.6597327232126516	0.6781861088990285	0.6546435076197468	0.6737203255183887	0.6736951306190918	0.6866789148056204	0.680336409018212	0.6650277423126665	0.6502058839532033	0.6632368910083744	0.6642241916678978	0.6599426787020954	0.648246202748483	0.6691445788160326	0.6449660488133189	0.6558724742042332	0.6634863850730051	0.6670828927321952	0.6646182464811088	0.6787999487711761	0.6634730850711772	0.6634976137139197	0.6333849826295084	0.668345588032587	0.6865144415193338	0.6611244017621316	0.6739603839562096	0.6744617438737703	0.6765829097484818	0.660047412158189	0.6697018276164685	0.6830224022991985	0.6660712575879625	0.6708506279240449	0.6586243843957146	0.6738501308091499	0.6624273850836225	0.6758215248370718	0.6685882097463174	0.6791679545633411	0.6624633446618157	0.6662601927287153	0.6797013804141683	0.6777060915524329	0.6780475104327144	0.6802119099139907	0.6800382072656377	0.6809107336536275	0.6828303363302074	0.6793441892517011	0.6702159426510943	0.6608123614976592	0.6681838758316763	0.6653166306907368	0.6292008388182806	0.6524404414109526	0.641488051912711	0.6736070571105306	0.6760880112997742	0.6772442612660221	0.6534538800637835	0.6623501059550059	0.6596347173934732	0.6526622258184912	0.6620925251409189	0.6804282991912189	0.6619641407494863	
0.6665013186909687	0.6832057483984544	0.6722498114829482	0.6894445158905993	0.6558475314141426	0.6894021759821936	0.6708945171398286	0.6667791276794581	0.6488301711050758	0.6885479341250662	0.6692238965625015	0.6801495598008966	0.6352663440189595	0.633710323804439	0.6279795862324056	0.0	0.6731434893861454	0.669383513619612	0.6848425303507784	0.6654176931429646	0.684329421224863	0.6646592640515043	0.6849922401752297	0.6845905449329452	0.6592144442422487	0.6797765208860747	0.6394795639048595	0.6669054623592781	0.6792755450230603	0.664313728859101	0.4781806037273195	0.6712682760150919	0.6511413062410465	0.6682690326285301	0.6823775061402839	0.666022158845532	0.6633536071522643	0.6781375698066989	0.6734613076185056	0.6581353165532748	0.6559382464668673	0.688688509818377	0.6839616615576805	0.6920199938601759	0.6769785922191596	0.6723526387010694	0.685212227568538	0.6858393902710123	0.6836301896893748	0.6817012075172805	0.6587535413180585	0.6722095046846285	0.689128158435308	0.6627721423416285	0.6564643583680658	0.6861906598380063	0.6789518830331818	0.6759741134132027	0.6532409037337352	0.6755915821836831	0.6743822881081079	0.6596886620103974	0.6933353399212931	0.68544871792752	0.6863124981614213	0.6826424067168597	0.6939994743599789	0.6736342432278115	0.6755916567077433	0.6823912557286348	0.666145008043777	0.6895612436194759	0.6334350775824334	0.6607675248733873	0.653907581950576	0.6667094433316807	0.6649096109604536	0.6747533081807977	0.673331924943221	0.6899018832129102	0.6781186646969749	0.6173913602290386	0.6676684588590427	0.6841338295217789	0.6900473014274815	
0.6554972349604864	0.6602342556700243	0.66283519670243	0.6631608093684316	0.6787912822365185	0.6540382935678495	0.6544771858477778	0.6603135578381045	0.6448372082861196	0.6704762029756577	0.67469214879891	0.6639245655939853	0.6514347502396268	0.6508820617000106	0.6527912944848635	0.6731434893861454	0.0	0.6524658549461715	0.6767334134654344	0.6678462985858735	0.6610636745433984	0.6515331423728639	0.6695156648795653	0.6662399105626615	0.6352892806414515	0.6568061424469624	0.6730357591538063	0.6638127088588919	0.6761424174367956	0.6843807886052837	0.6828105908355013	0.6809289872624247	0.664646133044307	0.6761625375129086	0.6845657288348499	0.6430161428807348	0.6481717914986352	0.6561927538506758	0.6888168796217016	0.6743619420512612	0.6670254544038181	0.6583417961512643	0.660909660332141	0.664388776635237	0.6552010074624905	0.6713662746801254	0.6592030369072559	0.6635892961702994	0.6524654088365165	0.6681986138272132	0.63568974186048	0.6562309108757695	0.6445760915052903	0.6502818923775455	0.6492385944272607	0.648538379627619	0.6771914074797436	0.6560699927302212	0.6767784589365613	0.65690534317707	0.6719838772407999	0.6531281529863067	0.6770668224223173	0.6473848935133084	0.6672391321968012	0.6696453688877626	0.6663613812086004	0.6775479083861964	0.6684749207097372	0.6687763562398479	0.6648112798758725	0.6600625913528718	0.6712507317088983	0.6617973437853806	0.662196434593838	0.6665118746602039	0.6462746751825099	0.6653016078354211	0.6637503044942199	0.6495331298942515	0.6831454276079219	0.6671806821741473	0.6894831828660448	0.6589947267479876	0.6610179139857364	
0.6652541659577336	0.6784015937999575	0.6592459190033415	0.6421209503099913	0.6633873809506842	0.6631073487933908	0.6653693469358712	0.6628985004854353	0.6717152356923788	0.6628615130824564	0.6901208151869549	0.6781673867182194	0.6516640442052579	0.6701496591602363	0.6620449998643945	0.669383513619612	0.6524658549461715	0.0	0.6430704908054208	0.6802196866401581	0.6787553890081149	0.662951761075707	0.6714818248028223	0.6604367714335285	0.6651885908307689	0.6610501620072007	0.666927033978296	0.67718212754479	0.6768631269024258	0.6733837505602573	0.6754443327553346	0.689392417879571	0.6696610270611256	0.6600594394223782	0.6685740078659645	0.6686155913498677	0.6546656938629734	0.6721981660839541	0.6914489377776135	0.676169012738193	0.6827003375137615	0.6635155741144808	0.668011282705674	0.6609393249775517	0.659919627228025	0.65328931722309	0.6638378907368312	0.6575535139844062	0.6662845459960105	0.6611912247307895	0.647381072843422	0.6671178529183841	0.6706598346664134	0.6587036010864904	0.6645650789021278	0.6669667132216726	0.6652490977453389	0.6670451875252666	0.6757596383819755	0.6675451475331045	0.6694668664154207	0.6603075599068781	0.6667537213917438	0.6687361795521936	0.6750871058371262	0.6629280369700077	0.670337659352632	0.6621618792321058	0.6653008074112712	0.655183289232501	0.6599106555549892	0.6641120898342161	0.650430475730591	0.6622830170450686	0.6694641652722852	0.6658501713189172	0.6758851532599948	0.6703272913445368	0.6557028024812908	0.6677028941416394	0.6692380023674952	0.6896401574188507	0.6867126650550917	0.6553596208656858	0.6660355773794936	
0.664946846498319	0.6776677362698045	0.6315091879047934	0.6706016833529487	0.6787021888556874	0.6729562879723209	0.671298018246629	0.659182428814735	0.6829775831180833	0.6587669328241448	0.6716003912766081	0.66864735323111	0.6705705794601714	0.6607576689471312	0.6597327232126516	0.6848425303507784	0.6767334134654344	0.6430704908054208	0.0	0.67033390188759	0.6682853766738491	0.6537572442368811	0.6642527380024088	0.663151788993805	0.6478352710794579	0.6709056614750257	0.6892892216101509	0.6854283655511294	0.6654213549742722	0.680708344157597	0.6829174855547688	0.6802774922137006	0.6856780344480988	0.6873909621436816	0.6747155512259042	0.6714998277150668	0.6731291172784959	0.6776544686733341	0.672168332359779	0.6752253035720802	0.6602740056102805	0.6718375688777618	0.6822099471471843	0.6579676115619	0.6706275000878239	0.6698151432917396	0.6621490739860448	0.6647878094217595	0.6583134220522913	0.6628054427567487	0.6591806088688204	0.6686670971518243	0.6681904112641611	0.6691587205605257	0.6591677249097119	0.6595248249600247	0.6703925948846448	0.6788648177833794	0.680637510084309	0.6749217111208468	0.6587440984565165	0.6690202124223894	0.6673944917999709	0.65836451573168	0.6569893124579145	0.6818570762049949	0.6266890500532931	0.6652003344876454	0.6632123968405355	0.6696137119156249	0.648683057612006	0.6527226678278373	0.6789498121300823	0.6640905001340898	0.6633459357685683	0.662395123347284	0.67278324566194	0.6648979232612132	0.6670094274405967	0.6812460540728771	0.6787128920938135	0.680411720978923	0.6670784288599569	0.665870492316703	0.6642775017282636	
0.6605023850661085	0.6744748773741822	0.6737824396120925	0.6675394568659052	0.6835906902809843	0.6583503908613686	0.6739894600271383	0.6762275235418764	0.667746807158303	0.6579069726489011	0.6687973464225176	0.663473513910791	0.6703978600519346	0.6651323246569598	0.6781861088990285	0.6654176931429646	0.6678462985858735	0.6802196866401581	0.67033390188759	0.0	0.6719804349689364	0.673663578890265	0.6807054830446678	0.6643596610892042	0.6675641432328752	0.6609019363329082	0.6785406262008871	0.6716227694287726	0.6698524698787044	0.6770958449494642	0.6753752145097089	0.6724362938620064	0.6925542804211479	0.6715245721227303	0.6940236382785764	0.6430462860599536	0.6650875712864043	0.6785069645057387	0.6790024569201241	0.6799234454472991	0.6527234654665497	0.6785732053083295	0.682582160480941	0.6639263076629027	0.6672855844863973	0.6653753527648563	0.6657384992369785	0.675925499060763	0.6587856123723688	0.6513174396491916	0.6658109867587376	0.6713370053157565	0.6774826051747505	0.6580101106517248	0.6572666203142423	0.679036396932394	0.670999156394404	0.6776053638789055	0.669802274088048	0.6648651441204079	0.6598914752159393	0.6552622262246562	0.677924083148312	0.6704219513058867	0.6723145929938003	0.6630714021115292	0.6692100837710167	0.6523644325306943	0.6523959728504891	0.6561215285427842	0.6659920824130956	0.6558638881414891	0.6650794215950493	0.6850421427526687	0.6663864061002298	0.6653133005109728	0.6632739148693891	0.6693298928837788	0.6581308658308545	0.6704341784592693	0.6743336903610129	0.6615927922468973	0.6838446964299791	0.673143517805596	0.6695833325357092	
0.6786796222531379	0.6593234665531726	0.6656269820598433	0.673263465251104	0.6732955089720998	0.6577218858187897	0.6707450737991975	0.6653273722275711	0.6826491495412323	0.6595287995661674	0.6747513042475144	0.6692532079935	0.6737348312678758	0.6753993923561049	0.6546435076197468	0.684329421224863	0.6610636745433984	0.6787553890081149	0.6682853766738491	0.6719804349689364	0.0	0.6804429315791685	0.666680561678609	0.6633222022112819	0.6530971598334603	0.6636404217786998	0.6758160077963207	0.675162687578795	0.672207024672256	0.6956824424594501	0.6823294343538182	0.6781258391084621	0.6725199302505991	0.6609827044341432	0.6665706099823524	0.6796551568259045	0.6573798387201697	0.6708871308278577	0.6783609350801869	0.6755050913445736	0.6473545836959721	0.6741172029311118	0.662869376381837	0.6736320880440385	0.661511318974268	0.6633738211094451	0.6678882643366869	0.6744486861639662	0.6742138009366824	0.6819597097751244	0.655111896644606	0.6668096893079085	0.677122712497078	0.6687587538551794	0.6639865267870353	0.661927327586009	0.6685173810180471	0.68288682874703	0.6924561144782844	0.6717489247790795	0.66642258048884	0.6756894558340216	0.6727858733825296	0.6541960594270341	0.6781506465227936	0.6760528667385997	0.6693432364452258	0.675355497200484	0.6758386645786696	0.6523477874379027	0.6693814959536248	0.6621986952008663	0.6785906625017375	0.6745371927003108	0.6638823580220206	0.6616365972550027	0.6751006456346799	0.66608821341512	0.6738062551705333	0.6655509038911621	0.6866435846004775	0.6838332294064885	0.6801720962992952	0.6730561139469827	0.6677153073763018	
0.6670116810719784	0.6609937112403467	0.651507667715602	0.6649500647779694	0.6790423707630644	0.6543457452423473	0.6341476815518212	0.6581868424069538	0.6670187527030691	0.6541782240837095	0.6640476979955098	0.6626446736500886	0.6614400953334589	0.6574811879600155	0.6737203255183887	0.6646592640515043	0.6515331423728639	0.662951761075707	0.6537572442368811	0.673663578890265	0.6804429315791685	0.0	0.6665046326713093	0.658150116251665	0.6459565869080538	0.6507438853200035	0.6790213487608676	0.6728724318522594	0.6591949631122049	0.671998230605377	0.6735832261936365	0.6813639929055915	0.6717615742930603	0.6737102988969941	0.6786289344496451	0.6479278436532449	0.6483549116810456	0.6638009124201958	0.6770827584440114	0.6757794632260496	0.6903173204750217	0.6654942583697776	0.6728841705892394	0.6745787324201162	0.654203389125473	0.6609993549883195	0.6602451167266409	0.6644950682422861	0.6753297969921934	0.6692070995843638	0.6490893852873318	0.6537723955814133	0.6517782922137536	0.6473855285053043	0.6380803987733206	0.6686092892528118	0.6456882115588323	0.6749640216972439	0.6713208199123779	0.666696359596253	0.6617817527360381	0.6488925822191014	0.6527442807988642	0.6539974348762969	0.6656698503113707	0.6640947892743979	0.6563594066785643	0.669809437892726	0.6557778349635282	0.6622243592184507	0.6412611208717783	0.6600913306879314	0.6801162195577483	0.6672529066936488	0.6728656053966653	0.6693418475735499	0.6504428396073014	0.6676904471828183	0.663634491973677	0.6823360372819511	0.6700091909123281	0.6778951430893927	0.6817070411244086	0.6552045310797128	0.6676005150779936	
0.6706365004020673	0.652078177825324	0.6541071825682951	0.6791595890348829	0.6582524378052309	0.6699400215757784	0.6654407862203511	0.6675620769200383	0.6740844003343233	0.6659254962170301	0.6747185071040738	0.6699283853860145	0.690460363395597	0.6696151973417326	0.6736951306190918	0.6849922401752297	0.6695156648795653	0.6714818248028223	0.6642527380024088	0.6807054830446678	0.666680561678609	0.6665046326713093	0.0	0.6682384276547022	0.670832243541147	0.6593207706876062	0.6809132317114046	0.6802629700853375	0.6797915156971169	0.6845238651842697	0.6757466987169194	0.6800353571888963	0.6697312342609845	0.6707704367406331	0.6851344620863838	0.6658436984287781	0.6740573583261856	0.6555933406443373	0.6824436382225593	0.6788857583558875	0.6548280472703969	0.6539994927239807	0.6809612884517966	0.6680681480044717	0.6561766270835436	0.672391015377229	0.665859175238528	0.6557496477633207	0.6732922770946104	0.6926589418393796	0.6628570991653724	0.6720196217356317	0.6543571088957991	0.6722076658843406	0.6652094811163307	0.6586843510645985	0.6730395695983269	0.6813874429223783	0.6771125335378207	0.6631753038260544	0.681039910336126	0.6786375942686654	0.6646668851014219	0.661441631717307	0.6750559068784738	0.6713048116373515	0.6852935712821836	0.6739798870441174	0.6719098012919168	0.6506032650618172	0.6819034441889056	0.6744682650053138	0.6713188297635335	0.6730446213787175	0.6438500467081623	0.6702626333289596	0.6660238456785532	0.6730975232116154	0.673988463021424	0.658647811365199	0.669784580989674	0.6868240375773755	0.6916040429195375	0.6748942476283584	0.6742948980180761	
0.6736150377584886	0.6640058506052322	0.6705984019829208	0.671352249719376	0.6640546796511652	0.6486184817353042	0.6683743256280961	0.6715862227275942	0.6747270010840631	0.6567852558013969	0.6795697482747296	0.6735859366914037	0.6727625523503213	0.6841692501023082	0.6866789148056204	0.6845905449329452	0.6662399105626615	0.6604367714335285	0.663151788993805	0.6643596610892042	0.6633222022112819	0.658150116251665	0.6682384276547022	0.0	0.6696834261866353	0.55003565790447	0.6664649206636132	0.6807338823696676	0.6779906816613344	0.6784081554812225	0.6833507337123432	0.6742623867290224	0.6575043284045134	0.6746502512443835	0.6834409230823865	0.6698099167610925	0.6592253569595705	0.6603414436838673	0.6747058707322799	0.6809015100563421	0.6509434740286619	0.6607489455087554	0.6786751057995435	0.6720210135780402	0.6601167156200446	0.6784902532541053	0.666899974396856	0.6693919075490535	0.677432687102788	0.6568697352523528	0.6607980824160186	0.6591163309413817	0.653971415914048	0.6460332293917697	0.6704832791704374	0.686785599801097	0.6816610163065904	0.6789361666546256	0.6846153367039032	0.6725229972123015	0.6631709750755538	0.6605992223589889	0.6567747414109233	0.5870464045770581	0.6691537295922949	0.6743463816735586	0.6760960621227485	0.6612445849147847	0.6471254638553796	0.6694338802864099	0.6705062281339804	0.678410810486667	0.6758254420831544	0.6693125682452423	0.6717074585369411	0.6582923130231118	0.6613694565385682	0.6583662983627181	0.6742225733910938	0.6754796102669152	0.6597817891043551	0.6673654184308415	0.6910607968775981	0.6665708477141654	0.6681786753134887	
0.6511811910532055	0.6557061972640625	0.6487187157321432	0.6700933049580439	0.6645358413272492	0.6679568583982045	0.6464586039277842	0.6670620568318297	0.659072184185775	0.6549757450531276	0.6739504051154792	0.6680349448962364	0.6635878806724479	0.6487168303169988	0.680336409018212	0.6592144442422487	0.6352892806414515	0.6651885908307689	0.6478352710794579	0.6675641432328752	0.6530971598334603	0.6459565869080538	0.670832243541147	0.6696834261866353	0.0	0.6684271544555993	0.6643519458570508	0.6692920788049816	0.6665708955051453	0.6770915048119015	0.6859290059256329	0.6740207806808405	0.66882978305386	0.6821120441274673	0.6789707885266967	0.6496075301228724	0.654023117330107	0.6754784885487946	0.6783071452644768	0.6565539162750802	0.6644443932180909	0.6745215920693306	0.6780279455541487	0.6501217886528392	0.6653229691744058	0.6640320678942125	0.6693487514618215	0.6643763280984403	0.6583585767933116	0.687212624796942	0.641615624536034	0.669448360684374	0.6611070557787062	0.6392810143040553	0.5064272672910196	0.6681663666774289	0.6723577063455172	0.6665204770167352	0.6806481118139003	0.6746857805443047	0.6686299421894694	0.6560652704078576	0.6595897810251012	0.6718031742929604	0.6773247580436252	0.6677733096425346	0.6655244019885345	0.669557469785909	0.6380878175999933	0.6635971210807331	0.6575636172247237	0.6658783337327909	0.6705054222306108	0.6770054054500092	0.6636877955205689	0.6654968891534009	0.6569649873737262	0.6674452098747681	0.6563659974724227	0.6618026234600025	0.6715385485491698	0.6620011535356469	0.6813846148305475	0.6724979191087801	0.672030803304589	
